row column Ainv
1 1 1.5
2 2 1.5
3 3 1.5
4 4 1.5
5 5 1.5
6 6 1.5
7 7 1.5
8 8 2.5
9 2 0.5
9 9 1.5
10 3 0.5
10 10 1.5
11 4 0.5
11 11 1.5
12 5 0.5
12 12 1.5
13 8 1.5
13 13 2.5
14 6 0.5
14 14 1.5
15 15 2.5
16 7 0.5
16 16 1.5
17 3 -1
17 10 -1
17 17 2.5
18 4 -1
18 11 -1
18 18 2.5
19 6 -1
19 14 -1
19 15 1.5
19 19 3.5
20 2 -1
20 9 -1
20 20 2.5
21 1 0.5
21 8 -1
21 13 -1
21 21 2.5
22 7 -1
22 16 -1
22 17 0.5
22 20 0.5
22 22 3
23 15 -1
23 19 -1
23 23 2.5
24 1 -1
24 21 -1
24 24 2.5
25 5 -1
25 12 -1
25 25 2.5
26 17 -1
26 22 -1
26 26 2.5
27 15 -1
27 19 -1
27 27 2.5
28 8 -1
28 13 -1
28 24 0.5
28 28 2.5
29 8 -1
29 13 -1
29 18 0.5
29 29 2.5
30 18 -1
30 29 -1
30 30 3
31 24 -1
31 28 -1
31 31 2.53333333333333
32 15 -1
32 19 -1
32 32 3
33 27 0.5
33 33 1.5
34 27 -1
34 33 -1
34 34 2.5
35 20 -1
35 22 -1
35 32 1
35 35 3
36 36 2
37 37 1.5
38 38 2
39 39 2.5
40 40 1.5
41 41 1.5
42 37 0.5
42 42 1.5
43 36 1
43 43 2
44 23 0.5
44 44 1.5
45 26 0.5
45 45 2.5
46 39 1.5
46 46 2.5
47 34 0.5
47 47 1.5
48 38 1
48 48 2
49 34 -1
49 45 1
49 47 -1
49 49 3
50 39 -1
50 46 -1
50 50 2.5
51 38 -1
51 48 -1
51 51 3
52 39 -1
52 46 -1
52 52 3
53 30 1
53 36 -1
53 43 -1
53 53 3
54 31 0.533333333333333
54 32 -1
54 35 -1
54 54 3.03333333333333
55 32 -1
55 35 -1
55 40 0.5
55 55 2.5
56 26 -1
56 41 0.5
56 45 -1
56 56 3
57 36 -1
57 43 -1
57 51 1
57 57 3
58 37 -1
58 42 -1
58 52 1
58 58 3
59 25 0.5
59 38 -1
59 48 -1
59 59 2.5
60 30 -1
60 53 -1
60 60 2.5
61 45 -1
61 49 -1
61 61 2.5
62 45 -1
62 49 -1
62 62 2.5
63 31 -1.06666666666667
63 54 -1.06666666666667
63 63 2.63333333333333
64 30 -1
64 53 -1
64 56 0.5
64 64 2.5
65 41 -1
65 56 -1
65 60 0.5
65 65 2.5
66 23 -1
66 44 -1
66 61 0.5
66 66 2.5
67 39 -1
67 46 -1
67 62 0.5
67 67 2.5
68 40 -1
68 55 -1
68 63 0.5
68 68 2.5
69 25 -1
69 59 -1
69 69 2.5
70 52 -1
70 58 -1
70 70 2.5
71 63 -1
71 68 -1
71 71 2.55172413793103
72 50 0.5
72 62 -1
72 67 -1
72 72 2.5
73 51 -1
73 57 -1
73 73 3
74 51 -1
74 54 0.5
74 57 -1
74 74 2.5
75 50 -1
75 71 0.551724137931034
75 72 -1
75 75 2.55172413793103
76 52 -1
76 58 -1
76 73 1
76 76 3
77 56 -1
77 64 -1
77 69 0.5
77 77 2.5
78 70 0.5
78 78 1.5
79 73 -1
79 76 -1
79 79 3.5
80 61 -1
80 66 -1
80 80 3.54916792738275
81 73 -1
81 76 -1
81 81 4.5
82 54 -1
82 74 -1
82 82 11.5034213098729
83 70 -1
83 78 -1
83 83 2.5
84 60 -1
84 65 -1
84 83 0.5
84 84 2.5
85 71 -1.10344827586207
85 75 -1.10344827586207
85 82 3.50342130987292
85 85 5.71031786159706
86 80 1.54916792738275
86 82 -1.00097751710655
86 85 -1.00097751710655
86 86 4.57563521772392
87 83 -1
87 84 -1
87 87 5.00580390219807
88 69 -1
88 77 -1
88 81 1
88 82 4
88 88 7
89 79 1.5
89 89 2.5
90 82 -1.00097751710655
90 85 -1.00097751710655
90 90 5.58774793066132
91 81 -1
91 88 -1
91 91 3.03696202531646
92 82 -1.00097751710655
92 85 -1.00097751710655
92 92 2.52030481907769
93 82 -1.00097751710655
93 85 -1.00097751710655
93 93 3.05221144446951
94 80 -1.03277861825517
94 86 -1.03277861825517
94 94 3.07716504090649
95 81 -1
95 88 -1
95 95 4.5296442687747
96 79 -1
96 89 -1
96 96 4.53958075953885
97 82 -1.00097751710655
97 85 -1.00097751710655
97 97 3.64385776002817
98 79 -1
98 81 1.5
98 82 1.5
98 86 1.02451225612806
98 89 -1
98 98 9.62143700608989
99 82 -1.00097751710655
99 85 -1.00097751710655
99 91 1.03696202531646
99 99 3.03891705952955
100 79 -1
100 87 0.5
100 89 -1
100 100 3.5
101 80 -1.03277861825517
101 86 -1.03277861825517
101 87 0.505803902198074
101 92 0.518349784864591
101 101 6.32936291408184
102 82 -1.00097751710655
102 85 -1.00097751710655
102 93 1.05025641025641
102 102 4.61308791318974
103 103 2.00542941757157
104 90 3.58579289644822
104 104 4.58579289644822
105 94 1.01160780439615
105 105 5.05319196281199
106 95 2.5296442687747
106 106 5.54512833570445
107 81 -1
107 98 -1
107 101 3.23965199050883
107 107 5.23965199050883
108 90 -1.02451225612806
108 104 -1.02451225612806
108 108 2.54902451225613
109 90 -1.02451225612806
109 104 -1.02451225612806
109 109 5.09661810064643
110 94 -1.01160780439615
110 105 -1.01160780439615
110 110 5.04887573037362
111 82 -1
111 88 -1
111 106 1.01386138613861
111 111 3.56207794238569
112 87 -1.01160780439615
112 101 -1.01160780439615
112 112 3.55053203098178
113 95 -1.01185770750988
113 106 -1.01185770750988
113 113 2.52371541501976
114 95 -1.01185770750988
114 106 -1.01185770750988
114 114 3.61780841216521
115 87 -1
115 100 -1
115 115 2.512
116 82 -1
116 88 -1
116 105 3.04158415841584
116 116 5.04158415841584
117 94 -1.01160780439615
117 105 -1.01160780439615
117 117 6.08412768536291
118 95 -1.01185770750988
118 106 -1.01185770750988
118 118 3.02371541501976
119 95 -1.01185770750988
119 98 1.5
119 100 1
119 106 -1.01185770750988
119 119 5.02371541501976
120 82 -1
120 88 -1
120 120 3.53862431272113
121 93 -1.05025641025641
121 102 -1.05025641025641
121 121 2.73451947634441
122 93 -1.05025641025641
122 102 -1.05025641025641
122 122 2.71728740265406
123 91 -1.03696202531646
123 99 -1.03696202531646
123 102 1.56087646872023
123 123 3.63480051935314
124 81 -1
124 98 -1
124 124 2.53333333333333
125 90 -1.02451225612806
125 104 -1.02451225612806
125 108 0.5
125 125 2.54902451225613
126 90 -1.02451225612806
126 104 -1.02451225612806
126 109 0.5
126 126 2.54902451225613
127 82 0.5
127 95 -1.01185770750988
127 106 -1.01185770750988
127 127 2.52371541501976
128 82 -1
128 88 -1
128 110 1.52079207920792
128 128 3.52079207920792
129 82 -1
129 88 -1
129 96 1.01386138613861
129 112 1.01922239502333
129 129 5.07115450543233
130 90 -1.02451225612806
130 103 0.5
130 104 -1.02451225612806
130 113 0.5
130 130 3.04902451225613
131 86 -1.02451225612806
131 98 -1.02451225612806
131 103 0.50542941757157
131 131 2.5544539298277
132 80 -1.03277861825517
132 86 -1.03277861825517
132 132 2.57136113870841
133 82 -1
133 88 -1
133 115 0.512
133 133 4.68422406363938
134 82 -1
134 88 -1
134 117 1.52079207920792
134 134 4.02966726750479
135 90 -1.02451225612806
135 104 -1.02451225612806
135 118 1
135 135 3.55064719304726
136 86 -1.02451225612806
136 98 -1.02451225612806
136 112 0.50809402716616
136 136 2.55711853942229
137 82 -1
137 88 -1
137 114 1.01386138613861
137 120 0.514056224899598
137 137 3.52791761103821
138 92 -1.03669956972918
138 101 -1.03669956972918
138 111 0.548216556247072
138 117 0.540119997362695
138 121 0.634006655831592
138 138 4.33586234626242
139 87 2
139 90 -1.02451225612806
139 104 -1.02451225612806
139 139 4.04902451225613
140 81 -1
140 97 1.64190272581507
140 98 -1
140 140 3.64190272581507
141 91 -1.03696202531646
141 96 1.01530643861932
141 99 -1.03696202531646
141 141 3.08923048925223
142 120 0.506930693069307
142 142 1.50693069306931
143 115 -1.024
143 133 -1.024
143 143 6.21624166011822
144 87 -1
144 135 0.501622680791133
144 139 -1
144 144 5.54478827845678
145 118 -1
145 135 -1
145 145 3.00378317940235
146 82 -1
146 98 -1
146 146 3.10096428451433
147 101 -1.07988399683628
147 107 -1.07988399683628
147 147 3.16789007095535
148 102 -1.04058431248015
148 123 -1.04058431248015
148 148 2.64576423473321
149 108 -1
149 125 -1
149 149 2.61334581188582
150 118 -1
150 134 0.508875188296865
150 135 -1
150 150 4.53701046823507
151 105 -1.01386138613861
151 106 0.5
151 116 -1.01386138613861
151 132 0.505803902198074
151 151 6.12118106542915
152 82 -1
152 98 -1
152 152 3.01977748385591
153 110 -1.01386138613861
153 128 -1.01386138613861
153 153 4.09426462990005
154 101 -1.07988399683628
154 107 -1.07988399683628
154 154 4.29744868908026
155 103 -1.01085883514314
155 131 -1.01085883514314
155 155 2.52171767028628
156 97 -1.09460181721005
156 140 -1.09460181721005
156 156 5.32981636638729
157 120 -1.0281124497992
157 137 -1.0281124497992
157 157 3.89584386173618
158 100 -1
158 119 -1
158 143 0.514185287471755
158 158 2.51418528747176
159 97 -1.09460181721005
159 140 -1.09460181721005
159 159 3.21738866881792
160 111 -1.09643311249414
160 138 -1.09643311249414
160 149 0.613345811885821
160 160 4.97285474442002
161 106 -1.01386138613861
161 111 -1.01386138613861
161 155 0.5
161 161 2.52772277227723
162 105 -1.01386138613861
162 116 -1.01386138613861
162 124 0.533333333333333
162 162 2.56105610561056
163 103 -1
163 130 -1
163 147 1.0081220772828
163 163 3.0081220772828
164 105 -1.01386138613861
164 109 1.5
164 116 -1.01386138613861
164 119 0.5
164 164 4.02772277227723
165 117 -1.08023999472539
165 122 0.616774582141244
165 138 -1.08023999472539
165 165 2.77725457159203
166 98 -1
166 119 -1
166 166 2.52933574567072
167 82 -1
167 127 -1
167 150 0.507613898656918
167 167 3.01884704893151
168 113 -1
168 130 -1
168 152 1.01977748385591
168 168 4.53361397152858
169 87 -1
169 110 1.5048680423734
169 139 -1
169 150 1.00705318315227
169 169 5.52060188796487
170 101 -1.07988399683628
170 107 -1.07988399683628
170 154 0.50818858560794
170 170 2.6679565792805
171 101 -1.07988399683628
171 107 -1.07988399683628
171 151 0.504061038641398
171 171 2.66382903231395
172 97 -1.09460181721005
172 140 -1.09460181721005
172 172 3.71376939124392
173 87 -1
173 139 -1
173 156 2.549324702807
173 173 5.57856057896063
174 145 1.00378317940235
174 174 2.00378317940235
175 96 -1.01530643861932
175 141 -1.01530643861932
175 175 2.55511067635829
176 117 -1.01386138613861
176 134 -1.01386138613861
176 176 4.13673334434824
177 106 -1.01386138613861
177 111 -1.01386138613861
177 138 0.540119997362695
177 177 3.08094915528397
178 87 -1
178 106 0.501622680791133
178 139 -1
178 178 6.01298144632907
179 96 -1.01386138613861
179 129 -1.01386138613861
179 167 0.511233150274588
179 179 3.58717640147173
180 147 -1.0081220772828
180 159 1.02818503439782
180 160 0.536542633754963
180 163 -1.0081220772828
180 180 5.13978523763014
181 114 -1.01386138613861
181 137 -1.01386138613861
181 166 0.529335745670716
181 181 3.08825633920688
182 133 2.17222406363938
182 135 -1.00324536158227
182 144 -1.00324536158227
182 182 5.27282320263723
183 105 -1.01386138613861
183 116 -1.01386138613861
183 172 1.52456575682382
183 183 4.07713706733989
184 98 0.510412934780916
184 117 -1.01386138613861
184 134 -1.01386138613861
184 184 4.64399755164736
185 156 -1.0197298811228
185 173 -1.0197298811228
185 185 4.63999148717715
186 124 -1.06666666666667
186 162 -1.06666666666667
186 186 3.22519851207608
187 105 -1.01386138613861
187 116 -1.01386138613861
187 187 3.54495522050271
188 119 -1
188 164 -1
188 188 2.5233919529765
189 105 -1.01386138613861
189 116 -1.01386138613861
189 189 3.04082915792127
190 110 -1.01386138613861
190 128 -1.01386138613861
190 190 2.54899158332365
191 98 -1
191 119 -1
191 191 3.04331767889835
192 101 -1.07988399683628
192 107 -1.07988399683628
192 192 2.69341944198464
193 98 0.573388395044446
193 109 -1
193 126 -1
193 193 2.57338839504445
194 98 0.505277441539517
194 155 -1
194 161 -1
194 194 3.03935399664143
195 101 -1.07988399683628
195 107 -1.07988399683628
195 195 5.7509385225727
196 112 -1.01618805433232
196 136 -1.01618805433232
196 143 1.05271950396762
196 196 3.08509561263226
197 151 1.02621277128809
197 152 -1.01977748385591
197 168 -1.01977748385591
197 177 0.513106385644045
197 197 4.11415573842785
198 143 -1.02837057494351
198 158 -1.02837057494351
198 176 0.53669642125952
198 198 2.59343757114654
199 117 2
199 120 -1.01386138613861
199 142 -1.01386138613861
199 178 3.51135876553793
199 199 7.53908153781516
200 96 -1.01530643861932
200 141 -1.01530643861932
200 150 0.513468198129025
200 200 2.54408107536767
201 96 0.510412934780916
201 120 0.517637394752223
201 132 -1.01160780439615
201 151 -1.01160780439615
201 180 0.516368965544411
201 181 0.531197821258936
201 182 1.09410841583332
201 190 0.521268811046419
201 201 6.23019675630106
202 156 -1.0197298811228
202 173 -1.0197298811228
202 191 1.04331767889835
202 202 3.60704604320567
203 114 0.580231611006835
203 154 -1.01637717121588
203 156 0.591288029160201
203 170 -1.01637717121588
203 203 3.2042739825988
204 151 -1.0081220772828
204 171 -1.0081220772828
204 185 2.60053172493155
204 204 4.61677587949714
205 114 -1.01386138613861
205 137 -1.01386138613861
205 148 0.564595609772907
205 205 2.59231838205014
206 150 -1.01522779731384
206 157 1.22597451186718
206 167 -1.01522779731384
206 206 3.25643010649485
207 102 -1.04058431248015
207 123 -1.04058431248015
207 186 0.545933157842125
207 207 2.62710178280243
208 102 -1.04058431248015
208 123 -1.04058431248015
208 146 1.10096428451433
208 208 4.8362469932707
209 110 -1.00324536158227
209 153 0.515986804292542
209 169 -1.00324536158227
209 195 1.01899260664391
209 209 4.05616726771326
210 144 1.5048680423734
210 145 -1.00378317940235
210 153 0.510412934780916
210 174 -1.00378317940235
210 195 0.504061038641398
210 210 4.52690837460041
211 122 -1.23354916428249
211 154 1.62949210979976
211 165 -1.23354916428249
211 211 4.09659043836474
212 145 -1.00378317940235
212 174 -1.00378317940235
212 189 0.5
212 212 2.5075663588047
213 178 -1.00324536158227
213 199 -1.00324536158227
213 213 3.03961938343615
214 138 -1.08023999472539
214 177 -1.08023999472539
214 214 2.6750973009334
215 114 -1.16046322201367
215 129 1.03807072427038
215 160 1.63010007379095
215 203 -1.16046322201367
215 215 4.98909724208867
216 110 -1.00324536158227
216 169 -1.00324536158227
216 201 0.515986804292542
216 216 3.06115909905004
217 106 -1.00324536158227
217 178 -1.00324536158227
217 217 3.58066075134336
218 156 -1.1825760583204
218 203 -1.1825760583204
218 218 6.29273947110079
219 166 -1.05867149134143
219 181 -1.05867149134143
219 219 2.11734298268286
220 109 -1
220 164 -1
220 220 2
221 154 -1.08632807319984
221 211 -1.08632807319984
221 221 2.17265614639968
222 143 -1.05271950396762
222 196 -1.05271950396762
222 222 2.10543900793523
223 178 -1.00324536158227
223 199 -1.00324536158227
223 223 2.53048057294001
224 144 -1.00324536158227
224 209 0.514697133612269
224 210 -1.00324536158227
224 224 2.5211878567768
225 96 -1.02082586956183
225 168 1.51383648767267
225 169 1.0086806624392
225 201 -1.02082586956183
225 225 4.56416888923553
226 189 -1
226 212 -1
226 226 2
227 109 -1
227 164 -1
227 227 2
228 167 -1.02246630054918
228 179 -1.02246630054918
228 228 2.04493260109835
229 150 -1.02693639625805
229 175 0.524497799119648
229 176 1.04673374860246
229 200 -1.02693639625805
229 229 3.62510434023821
230 159 -1.02818503439782
230 180 -1.02818503439782
230 230 2.05637006879564
231 121 -1.26801331166318
231 138 -1.26801331166318
231 231 2.53602662332637
232 147 -1.0081220772828
232 163 -1.0081220772828
232 232 2.01624415456559
233 143 -1.05271950396762
233 179 0.528520391293478
233 196 -1.05271950396762
233 233 2.63395939922871
234 133 -1.08611203181969
234 182 -1.08611203181969
234 234 2.68761841864933
235 106 -1
235 151 -1
235 214 0.514617311482619
235 235 2.51461731148262
236 148 -1.12919121954581
236 180 0.531458437235177
236 205 -1.12919121954581
236 236 2.78984087632681
237 157 -1.22597451186718
237 206 -1.22597451186718
237 216 0.538681571592964
237 237 2.99063059532733
238 112 -1.01922239502333
238 129 -1.01922239502333
238 238 2.56697796853629
239 133 -1.08611203181969
239 182 -1.08611203181969
239 184 2.10586184458922
239 239 4.8118536228401
240 109 0.528183884330824
240 120 -1.03527478950445
240 157 0.613644450270604
240 194 0.534076555101908
240 201 -1.03527478950445
240 218 0.566273804997753
240 240 4.31272827370998
241 176 -1.07339284251904
241 198 -1.07339284251904
241 241 2.14678568503808
242 109 0.519409704059473
242 134 -1.01775037659373
242 150 -1.01775037659373
242 242 2.55491045724693
243 146 -1.10096428451433
243 195 0.537938733296122
243 208 -1.10096428451433
243 243 2.73986730232478
244 153 -1.03197360858508
244 186 0.545932020900626
244 209 -1.03197360858508
244 218 1.74368593645029
244 244 4.35356517452108
245 110 -1.01386138613861
245 128 -1.01386138613861
245 245 2.02772277227723
246 96 -1.01386138613861
246 129 -1.01386138613861
246 144 1.01417517796348
246 153 0.516072131663911
246 187 0.50542941757157
246 246 4.06339949947619
247 144 0.524122377328764
247 177 -1.02621277128809
247 197 -1.02621277128809
247 247 2.57654791990494
248 112 -1.01922239502333
248 129 -1.01922239502333
248 153 0.524069986885456
248 188 0.523391952976504
248 248 5.17507594575946
249 152 -1.01977748385591
249 168 -1.01977748385591
249 189 0.513106385644045
249 249 2.55266135335586
250 110 -1.00324536158227
250 169 -1.00324536158227
250 250 2.00649072316453
251 159 -1.02818503439782
251 180 -1.02818503439782
251 251 2.05637006879564
252 157 -1.22597451186718
252 206 -1.22597451186718
252 252 2.45194902373436
253 82 -1
253 98 -1
253 253 2
254 178 -1.00324536158227
254 199 -1.00324536158227
254 254 2.00649072316453
255 178 -1.00324536158227
255 199 -1.00324536158227
255 255 2.00649072316453
256 156 -1.0197298811228
256 173 -1.0197298811228
256 256 2.0394597622456
257 109 -1
257 164 -1
257 257 2
258 146 -1.10096428451433
258 208 -1.10096428451433
258 258 2.20192856902866
259 189 -1.02621277128809
259 249 -1.02621277128809
259 259 2.58924066016012
260 153 -1.02082586956183
260 210 -1.02082586956183
260 260 2.57881610616603
261 185 -1.04021268997262
261 204 -1.04021268997262
261 261 2.60327449916914
262 173 0.516364897020123
262 185 -1.04021268997262
262 204 -1.04021268997262
262 238 0.528533178489629
262 262 3.64817257467889
263 98 0.507845978596945
263 144 -1.01417517796348
263 246 -1.01417517796348
263 263 3.58725031338887
264 173 0.512870979133509
264 202 0.524268602061724
264 216 -1.07736314318593
264 237 -1.07736314318593
264 264 3.19186586756709
265 129 -1.03807072427038
265 215 -1.03807072427038
265 239 0.5337677146115
265 265 2.60990916315227
266 100 -1
266 119 -1
266 208 1.65411408379606
266 266 3.65411408379606
267 149 -1.22669162377164
267 160 -1.22669162377164
267 267 2.45338324754329
268 181 -1.06239564251787
268 201 -1.06239564251787
268 268 4.20385542700065
269 214 -1.02923462296524
269 235 -1.02923462296524
269 269 3.65733398430594
270 186 -1.09186631568425
270 207 -1.09186631568425
270 270 2.7203257855809
271 191 -1.04331767889835
271 202 -1.04331767889835
271 271 2.0866353577967
272 172 -1.01637717121588
272 183 -1.01637717121588
272 272 3.08492997826467
273 178 -1.00324536158227
273 187 1.01180303065391
273 195 1.53017815031871
273 199 -1.00324536158227
273 273 4.54847190413716
274 117 -1.01386138613861
274 134 -1.01386138613861
274 213 1.03312866027162
274 274 3.06085143254885
275 117 -1
275 199 -1
275 218 1.07976834803813
275 275 3.07976834803813
276 192 0.533651448312084
276 195 -1.07587746659224
276 217 1.05820353576842
276 243 -1.07587746659224
276 276 4.29927817053173
277 144 -1.00324536158227
277 210 -1.00324536158227
277 277 2.00649072316453
278 144 -1.04824475465753
278 247 -1.04824475465753
278 278 2.09648950931506
279 98 -1.14677679008889
279 193 -1.14677679008889
279 268 2.07906414196491
279 279 4.37261772214269
280 129 -1.03807072427038
280 215 -1.03807072427038
280 270 0.536593154212399
280 280 7.82529223111537
281 175 -1.0489955982393
281 229 -1.0489955982393
281 281 2.09799119647859
282 133 -1.08611203181969
282 182 -1.08611203181969
282 282 2.17222406363938
283 176 -1.04673374860246
283 229 -1.04673374860246
283 283 2.09346749720492
284 98 -1
284 119 -1
284 284 2
285 180 -1.06291687447035
285 236 -1.06291687447035
285 285 2.12583374894071
286 133 -1.08611203181969
286 182 -1.08611203181969
286 286 2.17222406363938
287 157 -1.22728890054121
287 240 -1.22728890054121
287 287 2.45457780108242
288 109 -1.03881940811895
288 242 -1.03881940811895
288 288 2.07763881623789
289 156 -1.0197298811228
289 173 -1.0197298811228
289 289 2.0394597622456
290 234 0.515394355009948
290 290 4.09021969047586
291 190 -1.04253762209284
291 201 -1.04253762209284
291 291 3.21546671829905
292 218 -1.16245729096686
292 244 -1.16245729096686
292 292 2.32491458193372
293 238 -1.05706635697926
293 262 -1.05706635697926
293 293 2.65710661788836
294 191 -1.04331767889835
294 202 -1.04331767889835
294 294 2.0866353577967
295 187 -1.01085883514314
295 246 -1.01085883514314
295 295 2.02171767028628
296 160 -1.0867333825273
296 197 0.535281613783894
296 215 -1.0867333825273
296 296 2.70874837883849
297 156 -1.0197298811228
297 173 -1.0197298811228
297 280 1.06137189962184
297 297 4.14656744348457
298 218 -1.07976834803813
298 275 -1.07976834803813
298 298 2.69346966115748
299 184 -1.05293092229461
299 239 -1.05293092229461
299 299 2.64261705792948
300 172 -1.01637717121588
300 183 -1.01637717121588
300 300 2.03275434243176
301 172 -1.01637717121588
301 183 -1.01637717121588
301 301 3.07082192408637
302 213 -1.03312866027162
302 274 -1.03312866027162
302 302 2.06625732054324
303 186 -1.09186404180125
303 244 -1.09186404180125
303 248 0.530696156084723
303 303 2.71442423968723
304 160 -1.0867333825273
304 215 -1.0867333825273
304 304 2.1734667650546
305 195 -1.02011876687914
305 261 0.522849119223896
305 262 0.522849119223896
305 273 -1.02011876687914
305 305 3.61809061728081
306 195 -1.02011876687914
306 269 1.59886473837546
306 273 -1.02011876687914
306 290 0.507739746192107
306 306 4.14684201832585
307 176 0.525580402209032
307 218 -1.16245729096686
307 244 -1.16245729096686
307 307 2.85049498414275
308 218 -1.07976834803813
308 275 -1.07976834803813
308 308 2.15953669607625
309 117 -1
309 180 0.510986012132175
309 199 -1
309 309 2.51098601213218
310 194 -1.06815311020382
310 223 0.523989849775478
310 240 -1.06815311020382
310 310 2.66029607018311
311 154 -1.08632807319984
311 211 -1.08632807319984
311 263 0.53711869129772
311 311 2.7097748376974
312 143 2.60133686867885
312 185 -1.04021268997262
312 204 -1.04021268997262
312 312 4.68176224862409
313 151 0.52834995444981
313 154 -1.08632807319984
313 211 -1.08632807319984
313 291 1.13039147411338
313 313 3.83139757496287
314 98 -1.01569195719389
314 263 -1.01569195719389
314 272 0.531887610174169
314 314 2.56327152456195
315 151 0.509843124594003
315 208 -1.10274272253071
315 266 -1.10274272253071
315 297 1.04573578161713
315 315 3.76106435127255
316 188 -1.04678390595301
316 217 0.515966492410405
316 248 -1.04678390595301
316 316 2.60953430431642
317 144 -1.01417517796348
317 246 -1.01417517796348
317 317 2.02835035592696
318 178 -1.00324536158227
318 199 -1.00324536158227
318 263 0.513935287567245
318 318 2.52042601073178
319 153 -1.03214426332782
319 246 -1.03214426332782
319 259 0.536815117583939
319 319 2.60110364423958
320 150 -1.00705318315227
320 169 -1.00705318315227
320 293 0.542973903929842
320 320 2.55708027023437
321 201 -1.03197360858508
321 216 -1.03197360858508
321 321 2.06394721717017
322 195 -1.02011876687914
322 273 -1.02011876687914
322 322 2.04023753375828
323 144 -1.00324536158227
323 210 -1.00324536158227
323 323 2.00649072316453
324 218 -1.13254760999551
324 240 -1.13254760999551
324 324 2.26509521999101
325 217 -1.05820353576842
325 276 -1.05820353576842
325 325 2.11640707153684
326 268 -1.03953207098245
326 279 -1.03953207098245
326 326 2.07906414196491
327 150 -1.00705318315227
327 169 -1.00705318315227
327 327 2.01410636630453
328 184 -1.05293092229461
328 239 -1.05293092229461
328 328 2.10586184458922
329 168 -1.00922432511511
329 225 -1.00922432511511
329 329 2.01844865023022
330 218 -1.16245729096686
330 244 -1.16245729096686
330 330 2.32491458193372
331 195 -1.01899260664391
331 209 -1.01899260664391
331 331 2.03798521328783
332 180 -1.03273793108882
332 201 -1.03273793108882
332 332 2.06547586217764
333 195 -1.01899260664391
333 209 -1.01899260664391
333 333 2.03798521328783
334 217 -1.05820353576842
334 276 -1.05820353576842
334 334 2.11640707153684
335 209 -1.02939426722454
335 224 -1.02939426722454
335 335 2.05878853444908
336 117 -1
336 199 -1
336 336 2
337 185 -1.04021268997262
337 204 -1.04021268997262
337 337 2.08042537994524
338 185 -1.04021268997262
338 204 -1.04021268997262
338 338 2.08042537994524
339 98 -1.01055488307903
339 194 -1.01055488307903
339 339 2.02110976615807
340 269 -1.06590982558364
340 306 -1.06590982558364
340 340 2.13181965116728
341 291 -1.13039147411338
341 313 -1.13039147411338
341 341 3.36106057050694
342 195 -1.0081220772828
342 210 -1.0081220772828
342 342 5.18442664798772
343 208 -1.10274272253071
343 266 -1.10274272253071
343 343 2.20548544506142
344 169 -1.0086806624392
344 225 -1.0086806624392
344 280 1.04754312248123
344 344 3.06490444735964
345 180 -1.02197202426435
345 309 -1.02197202426435
345 345 2.0439440485287
346 217 -1.03193298482081
346 316 -1.03193298482081
346 346 2.06386596964162
347 197 -1.07056322756779
347 276 0.555668253266732
347 296 -1.07056322756779
347 305 0.53215484507474
347 347 3.22894955347705
348 248 -1.06139231216945
348 303 -1.06139231216945
348 348 2.12278462433889
349 261 -1.04569823844779
349 305 -1.04569823844779
349 349 2.09139647689558
350 169 -1.0086806624392
350 225 -1.0086806624392
350 248 1.55847305976612
350 350 9.78130000344022
351 176 -1.04673374860246
351 229 -1.04673374860246
351 351 3.15115402553514
352 173 -1.02574195826702
352 264 -1.02574195826702
352 352 2.57631406607852
353 160 -1.07308526750993
353 180 -1.07308526750993
353 353 2.14617053501985
354 202 -1.04853720412345
354 264 -1.04853720412345
354 354 3.72246621641168
355 173 -1.03272979404025
355 262 -1.03272979404025
355 355 2.06545958808049
356 176 -1.05116080441806
356 307 -1.05116080441806
356 356 3.16944365646286
357 168 -1.00922432511511
357 225 -1.00922432511511
357 357 2.01844865023022
358 234 -1.0307887100199
358 290 -1.0307887100199
358 358 3.12305434521919
359 263 -1.07423738259544
359 311 -1.07423738259544
359 359 4.73754434539622
360 182 -1.09410841583332
360 201 -1.09410841583332
360 360 2.6994868738525
361 184 -1.05293092229461
361 239 -1.05293092229461
361 361 2.10586184458922
362 270 -1.0731863084248
362 280 -1.0731863084248
362 341 0.553073250389787
362 362 2.69944586723938
363 160 -1.0867333825273
363 215 -1.0867333825273
363 298 0.533932965081227
363 363 2.70739973013582
364 179 -1.05704078258696
364 233 -1.05704078258696
364 364 2.11408156517391
365 151 -1.02621277128809
365 179 0.519700087626434
365 197 -1.02621277128809
365 365 2.57212563020261
366 208 -1.10274272253071
366 266 -1.10274272253071
366 299 0.536755213340254
366 366 2.74224065840167
367 168 -1.00922432511511
367 225 -1.00922432511511
367 367 2.55303219471343
368 183 0.524848538238839
368 263 -1.02787057513449
368 318 -1.02787057513449
368 368 3.11889350497723
369 151 -1.01968624918801
369 315 -1.01968624918801
369 369 2.03937249837601
370 182 -1.09410841583332
370 201 -1.09410841583332
370 301 0.523163199121888
370 370 3.23540968416941
371 178 -1.00324536158227
371 199 -1.00324536158227
371 371 2.00649072316453
372 98 -1.02082586956183
372 184 -1.02082586956183
372 218 0.537859264973819
372 301 0.514904382532724
372 359 0.518502548563133
372 372 4.644405284281
373 268 -1.03953207098245
373 279 -1.03953207098245
373 373 2.07906414196491
374 109 -1.05636776866165
374 240 -1.05636776866165
374 374 2.1127355373233
375 293 -1.08594780785968
375 320 -1.08594780785968
375 375 2.17189561571937
376 291 -1.13039147411338
376 313 -1.13039147411338
376 376 2.26078294822676
377 192 -1.06730289662417
377 276 -1.06730289662417
377 377 2.13460579324834
378 184 -1.05293092229461
378 239 -1.05293092229461
378 367 0.534583544483202
378 378 2.64044538907242
379 151 -1.02621277128809
379 197 -1.02621277128809
379 379 2.05242554257618
380 223 -1.04797969955096
380 310 -1.04797969955096
380 380 2.09595939910191
381 187 -1.01180303065391
381 273 -1.01180303065391
381 381 2.02360606130783
382 153 -1.04813997377091
382 248 -1.04813997377091
382 382 2.09627994754182
383 280 3.10364260625913
383 290 -1.01547949238421
383 306 -1.01547949238421
383 383 7.67362313491097
384 143 -1.04053474747154
384 312 -1.04053474747154
384 384 2.08106949494308
385 151 -1.05669990889962
385 313 -1.05669990889962
385 385 2.65092945732165
386 187 -1.01180303065391
386 273 -1.01180303065391
386 386 2.54982211693565
387 262 -1.04569823844779
387 305 -1.04569823844779
387 387 2.09139647689558
388 179 -1.03940017525287
388 365 -1.03940017525287
388 388 2.07880035050574
389 269 -1.06590982558364
389 306 -1.06590982558364
389 368 0.538303816469414
389 372 0.515743674543832
389 389 4.26285848168193
390 298 -1.06786593016245
390 363 -1.06786593016245
390 390 2.13573186032491
391 269 -1.06590982558364
391 306 -1.06590982558364
391 370 0.524029653380883
391 372 0.515743674543832
391 391 3.171592979092
392 299 -1.07351042668051
392 366 -1.07351042668051
392 392 2.14702085336102
393 297 -1.04573578161713
393 315 -1.04573578161713
393 393 2.6196235229717
394 143 -1.04053474747154
394 312 -1.04053474747154
394 394 2.62729784925055
395 280 -1.06137189962184
395 297 -1.06137189962184
395 395 2.12274379924368
396 272 -1.06377522034834
396 314 -1.06377522034834
396 341 0.547204371890398
396 354 0.541886019423798
396 396 3.21664083201087
397 143 -1.04053474747154
397 151 0.519187501980543
397 312 -1.04053474747154
397 397 2.60025699692362
398 305 -1.06430969014948
398 342 3.16818249342213
398 347 -1.06430969014948
398 398 5.29680187372109
399 183 -1.04969707647768
399 368 -1.04969707647768
399 399 2.09939415295536
400 213 -1.03312866027162
400 274 -1.03312866027162
400 290 1.02828586334449
400 386 0.52621605562782
400 400 4.13490217118779
401 259 -1.07363023516788
401 319 -1.07363023516788
401 401 2.14726047033576
402 268 -1.03953207098245
402 272 0.520288025658736
402 279 -1.03953207098245
402 356 1.06712204762673
402 393 0.528151959737439
402 402 4.19462617498781
403 276 -1.11133650653346
403 347 -1.11133650653346
403 358 1.0614769251794
403 403 3.28414993824633
404 297 -1.04573578161713
404 315 -1.04573578161713
404 404 2.09147156323426
405 239 -1.067535429223
405 265 -1.067535429223
405 405 2.135070858446
406 280 -1.06137189962184
406 297 -1.06137189962184
406 406 2.12274379924368
407 367 -1.0691670889664
407 378 -1.0691670889664
407 407 2.13833417793281
408 248 -1.03898203984408
408 350 -1.03898203984408
408 408 2.07796407968816
409 248 -1.03898203984408
409 350 -1.03898203984408
409 409 2.07796407968816
410 280 -1.04754312248123
410 344 -1.04754312248123
410 410 2.09508624496247
411 268 -1.03953207098245
411 279 -1.03953207098245
411 411 2.07906414196491
412 117 -1
412 199 -1
412 412 2
413 280 -1.04754312248123
413 344 -1.04754312248123
413 413 2.09508624496247
414 248 -1.03898203984408
414 350 -1.03898203984408
414 414 2.07796407968816
415 351 0.513135512765553
415 352 0.524830149544479
415 360 0.511270042185864
415 415 2.5492357044959
416 143 -1.04053474747154
416 312 -1.04053474747154
416 416 2.08106949494308
417 280 -1.03454753541971
417 383 -1.03454753541971
417 417 3.68834357536819
418 370 -1.04805930676177
418 391 -1.04805930676177
418 418 3.7372878370525
419 143 -1.04053474747154
419 312 -1.04053474747154
419 419 2.60025699692362
420 151 -1.03837500396109
420 397 -1.03837500396109
420 420 2.07675000792217
421 272 -1.04057605131747
421 402 -1.04057605131747
421 421 2.08115210263494
422 372 -1.03148734908766
422 391 -1.03148734908766
422 422 3.11628718108284
423 352 -1.04966029908896
423 415 -1.04966029908896
423 423 5.69719265306881
424 301 -1.02980876506545
424 372 -1.02980876506545
424 389 1.07699133950141
424 394 0.546228354307468
424 424 3.68283722393977
425 368 -1.07660763293883
425 389 -1.07660763293883
425 425 2.15321526587766
426 342 -1.05606083114071
426 398 -1.05606083114071
426 426 2.11212166228142
427 358 -1.0614769251794
427 403 -1.0614769251794
427 427 2.1229538503588
428 301 -1.04632639824378
428 370 -1.04632639824378
428 428 2.09265279648755
429 386 -1.05243211125564
429 400 -1.05243211125564
429 429 2.10486422251128
430 358 -1.0614769251794
430 403 -1.0614769251794
430 430 2.1229538503588
431 360 -1.02254008437173
431 400 0.514142931672243
431 415 -1.02254008437173
431 431 2.5592231004157
432 372 -1.03148734908766
432 389 -1.03148734908766
432 432 2.06297469817533
433 393 -1.05630391947488
433 402 -1.05630391947488
433 433 5.8241692010565
434 389 -1.07699133950141
434 424 -1.07699133950141
434 434 5.30992049370224
435 341 -1.10614650077957
435 362 -1.10614650077957
435 435 2.77250606477021
436 342 -1.05606083114071
436 398 -1.05606083114071
436 436 2.66653978363252
437 394 -1.09245670861494
437 424 -1.09245670861494
437 437 2.18491341722987
438 218 -1.07571852994764
438 260 0.537164367042373
438 372 -1.07571852994764
438 417 1.08482123343563
438 435 0.560213063211068
438 438 4.33363572358434
439 342 -1.05606083114071
439 350 2.14639568295622
439 398 -1.05606083114071
439 418 1.10172485982526
439 439 5.3602422050629
440 356 -1.06712204762673
440 402 -1.06712204762673
440 418 0.53944436370371
440 440 2.67368845895717
441 290 -1.02828586334449
441 400 -1.02828586334449
441 441 2.55657172668897
442 418 -1.07888872740742
442 440 -1.07888872740742
442 442 2.69487221072207
443 351 -1.02627102553111
443 415 -1.02627102553111
443 443 3.08724935700588
444 280 -1.03454753541971
444 383 -1.03454753541971
444 444 3.12790780500236
445 389 -1.07699133950141
445 424 -1.07699133950141
445 445 3.21641539125025
446 354 1.08350578874098
446 356 -1.06712204762673
446 402 -1.06712204762673
446 446 3.21774988399444
447 350 0.516590288116772
447 359 0.525814439317338
447 400 -1.02828586334449
447 431 -1.02828586334449
447 433 3.71156136210674
447 447 11.5459619233715
448 290 -1.02828586334449
448 350 1.01213704220648
448 400 -1.02828586334449
448 419 0.519187501980543
448 441 0.5
448 448 4.087896270876
449 342 -1.05606083114071
449 351 0.544551015564669
449 398 -1.05606083114071
449 449 2.65667267784609
450 359 -1.03700509712627
450 372 -1.03700509712627
450 450 2.07401019425253
451 359 1.54475259232487
451 451 3.0547611186019
452 417 -1.08482123343563
452 438 -1.08482123343563
452 452 2.16964246687125
453 280 -1.03454753541971
453 383 -1.03454753541971
453 453 2.57980097499488
454 260 -1.07432873408475
454 438 -1.07432873408475
454 454 4.22700671578064
455 280 -1.03454753541971
455 383 -1.03454753541971
455 455 2.06909507083942
456 418 -1.10172485982526
456 439 -1.10172485982526
456 456 2.20344971965052
457 351 -1.08910203112934
457 447 0.527582024316574
457 449 -1.08910203112934
457 457 2.70578608657525
458 435 -1.12042612642214
458 438 -1.12042612642214
458 458 2.7847953652391
459 441 -1
459 448 -1
459 459 2
460 359 -1.02983506154991
460 383 0.5
460 451 -1.02983506154991
460 460 4.61338041209114
461 354 -1.0837720388476
461 383 0.521357060942646
461 385 0.537529639522405
461 396 -1.0837720388476
461 461 3.22643077816024
462 359 -1.02983506154991
462 434 1.03268885646001
462 451 -1.02983506154991
462 462 3.09235897955983
463 417 0.534427271093145
463 418 -1.10172485982526
463 423 0.522715133827465
463 439 -1.10172485982526
463 463 3.79264556086046
464 290 1.03879972592931
464 341 -1.0944087437808
464 396 -1.0944087437808
464 464 3.22761721349091
465 417 -1.08482123343563
465 438 -1.08482123343563
465 443 0.520960365664319
465 465 3.2267061132588
466 354 -1.08350578874098
466 446 -1.08350578874098
466 466 2.16701157748197
467 342 -1.05606083114071
467 398 -1.05606083114071
467 467 2.11212166228142
468 342 -1.05606083114071
468 398 -1.05606083114071
468 468 2.11212166228142
469 280 -1.03454753541971
469 383 -1.03454753541971
469 422 1.05331248290751
469 469 3.12240755374693
470 350 -1.07319784147811
470 439 -1.07319784147811
470 470 2.14639568295622
471 433 -1.06044610345907
471 444 0.525250225585133
471 447 -1.06044610345907
471 471 3.16007504371601
472 354 -1.08350578874098
472 436 0.554418121351103
472 444 0.533562508577813
472 446 -1.08350578874098
472 472 3.25499220741089
473 350 2.53034260551621
473 359 -1.02983506154991
473 451 -1.02983506154991
473 453 0.510705904155462
473 473 5.61072715904853
474 419 -1.03837500396109
474 448 -1.03837500396109
474 454 0.522376949228367
474 474 2.59912695715054
475 433 -1.06044610345907
475 445 1.06243271224744
475 447 -1.06044610345907
475 475 3.18332491916558
476 350 -1.01213704220648
476 448 -1.01213704220648
476 460 0.508537697565428
476 476 4.11559107814832
477 290 -1.03879972592931
477 460 0.5
477 464 -1.03879972592931
477 477 5.67883859197446
478 453 -1.02141180831092
478 473 -1.02141180831092
478 478 2.57072437142494
479 350 -1.01213704220648
479 448 -1.01213704220648
479 463 0.532053436289332
479 479 2.5563275207023
480 445 -1.06243271224744
480 475 -1.06243271224744
480 480 2.12486542449489
481 433 -1.06044610345907
481 447 -1.06044610345907
481 481 3.68201703605454
482 422 -1.05331248290751
482 460 1.04517259142588
482 469 -1.05331248290751
482 482 3.15179755724091
483 290 -1.03879972592931
483 464 -1.03879972592931
483 471 0.513932611212734
483 483 3.10546467428409
484 434 -1.03268885646001
484 451 0.510008526277033
484 462 -1.03268885646001
484 484 2.57538623919704
485 434 -1.03268885646001
485 462 -1.03268885646001
485 473 0.510008526277033
485 485 2.57538623919704
486 422 -1.05331248290751
486 469 -1.05331248290751
486 486 2.10662496581503
487 359 -1.05162887863468
487 447 -1.05162887863468
487 487 2.10325775726935
488 385 -1.07505927904481
488 461 -1.07505927904481
488 488 2.15011855808962
489 383 0.517664482940773
489 436 -1.10883624270221
489 472 -1.10883624270221
489 489 2.73533696834519
490 434 0.530676784643018
490 444 -1.05050045117027
490 471 -1.05050045117027
490 490 2.63167768698355
491 442 0.53709475590723
491 443 0.513746940279348
491 454 -1.04475389845673
491 474 -1.04475389845673
491 491 3.14034949310004
492 445 -1.06243271224744
492 475 -1.06243271224744
492 478 0.527900754803089
492 492 5.89342055235351
493 423 1.02786522242547
493 433 -1.06044610345907
493 447 -1.06044610345907
493 493 3.1487574293436
494 280 -1.03454753541971
494 383 -1.03454753541971
494 494 2.06909507083942
495 383 -1.04271412188529
495 461 -1.04271412188529
495 495 2.08542824377058
496 433 -1.06044610345907
496 447 -1.06044610345907
496 496 2.12089220691814
497 383 -1.03532896588155
497 447 2.10463729050599
497 489 -1.03532896588155
497 497 4.17529522226909
498 350 -1.07319784147811
498 439 -1.07319784147811
498 498 2.14639568295622
499 434 -1.06135356928604
499 447 1.06209389967947
499 490 -1.06135356928604
499 499 4.81560748500858
500 471 -1.02786522242547
500 483 -1.02786522242547
500 500 3.58419049516897
501 447 -1.05516404863315
501 457 -1.05516404863315
501 501 2.11032809726629
502 417 -1.06885454218629
502 463 -1.06885454218629
502 502 2.13770908437258
503 350 -1.07319784147811
503 439 -1.07319784147811
503 492 1.59719314475288
503 503 3.7435888277091
504 350 -1.01213704220648
504 473 -1.01213704220648
504 504 2.02427408441296
505 451 -1.02001705255407
505 484 -1.02001705255407
505 505 2.04003410510813
506 423 -1.02786522242547
506 476 1.58277929616993
506 493 -1.02786522242547
506 506 3.63850974102086
507 350 -1.03318057623354
507 447 -1.03318057623354
507 477 2.58534741894207
507 507 4.65170857140916
508 434 1.06661944280532
508 444 -1.06712501715563
508 472 -1.06712501715563
508 477 0.515891721173755
508 508 4.2493885319703
509 350 -1.07319784147811
509 439 -1.07319784147811
509 458 0.543943112394831
509 509 3.21665271434352
510 383 -1
510 460 -1
510 481 1.5611248291364
510 510 3.5611248291364
511 433 -1.06044610345907
511 447 -1.06044610345907
511 483 0.513932611212734
511 499 0.535016843230794
511 511 3.16984166136167
512 423 -1.02786522242547
512 454 0.531548748265071
512 493 -1.02786522242547
512 512 3.12381447439773
513 383 1
513 513 2.51570473924617
514 383 -1
514 513 -1
514 514 2.50891917758755
515 483 -1.02786522242547
515 511 -1.02786522242547
515 515 2.05573044485093
516 476 -1.05518619744662
516 506 -1.05518619744662
516 513 0.515704739246172
516 516 2.62607713413941
517 476 -1.05518619744662
517 506 -1.05518619744662
517 508 0.532627333679974
517 517 3.69377928775043
518 423 -1.04543026765493
518 463 -1.04543026765493
518 518 6.82648546960274
519 447 -1.052318645253
519 497 -1.052318645253
519 509 0.526313918992466
519 519 3.15461337286935
520 350 -1.01213704220648
520 473 -1.01213704220648
520 520 2.02427408441296
521 477 -1.03413896757683
521 507 -1.03413896757683
521 521 7.30003730977415
522 499 -1.07003368646159
522 511 -1.07003368646159
522 522 5.41131135989887
523 460 -1
523 477 -1
523 523 2
524 433 -1.06044610345907
524 447 -1.06044610345907
524 465 0.536103280723224
524 524 2.65699548764136
525 477 -1.03178344234751
525 508 -1.03178344234751
525 525 2.06356688469502
526 447 -1.052318645253
526 497 -1.052318645253
526 526 2.10463729050599
527 434 -1.06661944280532
527 508 -1.06661944280532
527 527 2.13323888561065
528 434 -1.06661944280532
528 508 -1.06661944280532
528 528 2.65478469350529
529 478 -1.05580150960618
529 492 -1.05580150960618
529 529 2.11160301921236
530 443 -1.04192073132864
530 465 -1.04192073132864
530 530 2.08384146265728
531 481 -1.04074988609094
531 510 -1.04074988609094
531 531 2.08149977218187
532 443 -1.0274938805587
532 491 -1.0274938805587
532 532 2.05498776111739
533 477 -1.03413896757683
533 507 -1.03413896757683
533 514 0.508919177587551
533 533 2.57719711274121
534 350 -1.01213704220648
534 473 -1.01213704220648
534 534 2.02427408441296
535 434 0.525952730791079
535 481 -1.04074988609094
535 510 -1.04074988609094
535 535 2.60745250297295
536 481 -1.04074988609094
536 510 -1.04074988609094
536 518 0.518145650482382
536 521 2.07300250868903
536 536 4.67264793135328
537 477 -1.03413896757683
537 507 -1.03413896757683
537 537 2.06827793515366
538 350 -1.01213704220648
538 473 -1.01213704220648
538 519 0.52366216337089
538 538 4.16524468990057
539 454 -1.06309749653014
539 512 -1.06309749653014
539 539 2.12619499306028
540 423 1.53014805225341
540 460 -1.04517259142588
540 482 -1.04517259142588
540 540 3.62049323510517
541 383 -1
541 513 -1
541 541 3
542 460 -1.01707539513086
542 476 -1.01707539513086
542 542 2.03415079026171
543 463 -1.06410687257866
543 479 -1.06410687257866
543 543 5.31975588374616
544 528 0.521545807894641
544 544 1.52154580789464
545 454 1.02442355011771
545 500 1.52846005031803
545 545 3.55288360043574
546 350 -1.01213704220648
546 473 -1.01213704220648
546 546 2.02427408441296
547 423 -1.02009870150227
547 540 -1.02009870150227
547 547 4.74377259628378
548 460 -1.04517259142588
548 482 -1.04517259142588
548 548 2.09034518285176
549 447 0.510268376359522
549 454 -1.02442355011771
549 541 1
549 545 -1.02442355011771
549 549 10.4765355441756
550 447 0.530842516280062
550 509 -1.05262783798493
550 519 -1.05262783798493
550 550 8.01988358978531
551 492 -1.06479542983525
551 503 -1.06479542983525
551 551 2.1295908596705
552 434 -1.05190546158216
552 512 0.536535281281724
552 535 -1.05190546158216
552 543 3.19154213858883
552 552 6.89026615357843
553 454 -1.02442355011771
553 545 -1.02442355011771
553 553 2.04884710023541
554 513 -1.03140947849234
554 516 -1.03140947849234
554 554 2.06281895698469
555 423 -1.02009870150227
555 540 -1.02009870150227
555 555 2.04019740300454
556 500 -1.01897336687869
556 522 0.531761218451896
556 545 -1.01897336687869
556 556 2.56970795220927
557 447 -1.052318645253
557 497 -1.052318645253
557 522 1.63472203838032
557 557 3.73935932888631
558 521 -1.03650125434452
558 536 -1.03650125434452
558 558 2.07300250868903
559 500 -1.01897336687869
559 517 0.515704739246172
559 521 0.508919177587551
559 545 -1.01897336687869
559 559 8.80679446272617
560 458 -1.08788622478966
560 509 -1.08788622478966
560 560 2.17577244957932
561 492 -1.06479542983525
561 503 -1.06479542983525
561 517 0.53507481993104
561 518 0.527664687105623
561 522 1.10476073014347
561 561 4.29709109685064
562 477 -1.03413896757683
562 507 -1.03413896757683
562 562 2.06827793515366
563 465 -1.07220656144645
563 524 -1.07220656144645
563 563 2.1444131228929
564 500 -1.01897336687869
564 545 -1.01897336687869
564 564 2.03794673375738
565 447 -1.06209389967947
565 499 -1.06209389967947
565 547 0.536265206884007
565 565 2.66045300624295
566 528 -1.04309161578928
566 544 -1.04309161578928
566 566 3.14568437581263
567 447 -1.06209389967947
567 499 -1.06209389967947
567 567 2.12418779935895
568 423 0.517143646384551
568 508 -1.06525466735995
568 517 -1.06525466735995
568 550 0.538287433143803
568 568 3.70969993475425
569 476 -1.05518619744662
569 506 -1.05518619744662
569 549 0.515704739246172
569 550 1.07345727301953
569 569 4.24180085403738
570 447 -1.052318645253
570 497 -1.052318645253
570 570 2.10463729050599
571 473 -1.02001705255407
571 485 -1.02001705255407
571 499 0.563356774722077
571 571 2.60339087983021
572 442 -1.07418951181446
572 491 -1.07418951181446
572 572 2.14837902362892
573 492 -1.06479542983525
573 503 -1.06479542983525
573 573 2.1295908596705
574 423 -1.02009870150227
574 540 -1.02009870150227
574 574 2.04019740300454
575 499 0.53243282880416
575 514 -1.0178383551751
575 533 -1.0178383551751
575 552 1.05837781054355
575 575 3.62648734969792
576 477 -1.03413896757683
576 507 -1.03413896757683
576 576 2.06827793515366
577 423 -1.0342872927691
577 492 1.64346122830266
577 538 1.08254783207351
577 568 -1.0342872927691
577 577 5.32298624730898
578 543 -1.06384737952961
578 552 -1.06384737952961
578 578 2.12769475905922
579 552 -1.05837781054355
579 575 -1.05837781054355
579 579 2.11675562108711
580 518 -1.05532937421125
580 561 -1.05532937421125
580 569 0.542266446878447
580 580 3.74646935880552
581 499 -1.06486565760832
581 518 1.57932496522305
581 521 0.52655002057984
581 575 -1.06486565760832
581 581 4.23560630101953
582 499 -1.12671354944415
582 547 0.534260803284507
582 571 -1.12671354944415
582 582 3.33014252252899
583 522 -1.08981469225355
583 547 1.63304918311073
583 557 -1.08981469225355
583 583 3.81267856761782
584 512 -1.07307056256345
584 552 -1.07307056256345
584 580 1.09354416350458
584 584 3.23968528863148
585 517 -1.03140947849234
585 559 -1.03140947849234
585 585 2.06281895698469
586 541 -1
586 549 -1
586 586 3.0285702069804
587 543 -1.06384737952961
587 552 -1.06384737952961
587 587 3.18548909175379
588 522 -1.06352243690379
588 556 -1.06352243690379
588 588 2.12704487380758
589 547 -1.06852160656901
589 559 2.0715868691221
589 582 -1.06852160656901
589 589 4.20863008226012
590 566 0.527922450533304
590 580 -1.09354416350458
590 584 -1.09354416350458
590 590 2.71501077754247
591 518 -1.03629130096476
591 536 -1.03629130096476
591 591 3.1132409117173
592 550 -1.07345727301953
592 569 -1.07345727301953
592 592 2.14691454603905
593 492 -1.09564081886844
593 577 -1.09564081886844
593 593 3.78325396071012
594 447 -1.02053675271904
594 549 -1.02053675271904
594 568 0.523759520506003
594 594 5.79009999316546
595 547 -1.07253041376801
595 565 -1.07253041376801
595 595 2.14506082753603
596 538 -1.08254783207351
596 577 -1.08254783207351
596 596 2.69440456744837
597 521 -1.05310004115968
597 581 -1.05310004115968
597 597 6.49664165827309
598 521 -1.03650125434452
598 536 -1.03650125434452
598 598 3.17876796372618
599 522 -1.10476073014347
599 561 -1.10476073014347
599 599 3.85725409494558
600 518 -1.0528833101487
600 581 -1.0528833101487
600 600 2.63745339654968
601 492 -1.09564081886844
601 577 -1.09564081886844
601 601 2.71459384763641
602 580 -1.09354416350458
602 584 -1.09354416350458
602 602 2.18708832700917
603 547 -1.08869945540715
603 583 -1.08869945540715
603 586 0.51833056921617
603 587 0.536355227467211
603 603 3.23208470749768
604 552 -1.05837781054355
604 575 -1.05837781054355
604 604 2.11675562108711
605 550 -1.07657486628761
605 568 -1.07657486628761
605 605 2.15314973257521
606 541 -1
606 549 -1
606 587 0.521439105227361
606 606 4.07583807121034
607 543 -1.06384737952961
607 552 -1.06384737952961
607 607 2.12769475905922
608 521 0.537174342716511
608 569 -1.08453289375689
608 580 -1.08453289375689
608 608 4.36219550959297
609 521 -1.03650125434452
609 536 -1.03650125434452
609 609 3.15245426887472
610 549 -1.03140947849234
610 569 -1.03140947849234
610 591 1.04065830978777
610 601 0.52331220989953
610 610 3.62678947667199
611 543 -1.06384737952961
611 552 -1.06384737952961
611 611 2.12769475905922
612 547 -1.08869945540715
612 549 0.516004222998943
612 583 -1.08869945540715
612 612 2.69340313381324
613 517 -1.07014963986208
613 561 -1.07014963986208
613 613 2.14029927972416
614 522 -1.08981469225355
614 557 -1.08981469225355
614 594 1.63383110731317
614 614 3.81346049182026
615 522 -1.10476073014347
615 561 -1.10476073014347
615 615 2.20952146028695
616 519 -1.04732432674178
616 538 -1.04732432674178
616 550 2.13008414512409
616 593 1.06019744881074
616 597 2.17649258872913
616 616 8.00112423995016
617 518 -1.0528833101487
617 581 -1.0528833101487
617 596 0.529308903301362
617 617 2.63507552359876
618 522 -1.08981469225355
618 557 -1.08981469225355
618 618 2.17962938450709
619 550 -1.07345727301953
619 569 -1.07345727301953
619 597 0.562238316880654
619 598 1.10576545503715
619 619 3.81491831795685
620 521 -1.03650125434452
620 536 -1.03650125434452
620 620 2.07300250868903
621 547 -1.08869945540715
621 583 -1.08869945540715
621 599 1.64773263465863
621 621 4.34113576847188
622 492 -1.09564081886844
622 577 -1.09564081886844
622 600 0.531686776252283
622 622 2.72296841398916
623 609 0.522438574588671
623 623 1.52243857458867
624 621 0.516004222998943
624 624 1.51600422299894
625 577 0.528402601394607
625 625 7.82736409649771
626 591 -1.04065830978777
626 610 -1.04065830978777
626 626 2.08131661957554
627 559 2.63530502805392
627 600 -1.06337355250457
627 622 -1.06337355250457
627 627 5.35194659749984
628 538 0.534760610043212
628 559 0.522193604137747
628 596 -1.05861780660272
628 608 1.65595537936267
628 617 -1.05861780660272
628 625 5.22193604137747
628 628 11.1440008973861
629 518 -1.0528833101487
629 581 -1.0528833101487
629 582 0.542454620356175
629 629 2.64822124065357
630 591 -1.04065830978777
630 610 -1.04065830978777
630 630 2.08131661957554
631 543 -1.06384737952961
631 552 -1.06384737952961
631 631 2.12769475905922
632 599 -1.09848842310576
632 621 -1.09848842310576
632 625 1.07702545372563
632 632 3.84086423178428
633 538 -1.08254783207351
633 577 -1.08254783207351
633 633 3.24391973390447
634 447 -1.06168503256012
634 550 -1.06168503256012
634 634 3.8497464207429
635 559 -1.03579343456105
635 586 0.510239637764231
635 589 -1.03579343456105
635 635 2.58182650688633
636 518 0.516063211943594
636 549 -1.03200844599789
636 612 -1.03200844599789
636 636 2.58008010393937
637 559 -1.03579343456105
637 589 -1.03579343456105
637 637 2.0715868691221
638 521 1.58611332504756
638 543 -1.06384737952961
638 552 -1.06384737952961
638 638 3.71380808410678
639 549 1.07702545372563
639 599 -1.09848842310576
639 621 -1.09848842310576
639 639 3.27400229993715
640 577 -1.05680520278921
640 625 -1.05680520278921
640 640 2.11361040557843
641 549 -1.07702545372563
641 639 -1.07702545372563
641 641 2.15405090745127
642 550 -1.06504207256204
642 616 -1.06504207256204
642 642 2.13008414512409
643 568 -1.04751904101201
643 594 -1.04751904101201
643 643 2.65532688926292
644 598 -1.10576545503715
644 619 -1.10576545503715
644 644 2.2115309100743
645 550 -1.06504207256204
645 616 -1.06504207256204
645 645 2.68628708660887
646 559 -1.03579343456105
646 589 -1.03579343456105
646 646 2.0715868691221
647 559 -1.03579343456105
647 589 -1.03579343456105
647 647 2.0715868691221
648 586 -1.03666113843234
648 603 -1.03666113843234
648 648 2.07332227686468
649 566 0.531578693700759
649 582 -1.08490924071235
649 609 0.557013185597022
649 629 -1.08490924071235
649 649 3.25841036072248
650 608 -1.10397025290845
650 628 -1.10397025290845
650 650 2.20794050581689
651 593 -1.06019744881074
651 616 -1.06019744881074
651 651 2.12039489762148
652 597 -1.12447663376131
652 619 -1.12447663376131
652 652 2.24895326752262
653 598 -1.10576545503715
653 619 -1.10576545503715
653 653 4.41512982950064
654 594 -1.08922073820878
654 614 -1.08922073820878
654 654 2.74035155615595
655 549 4.80868565160993
655 608 -1.10397025290845
655 628 -1.10397025290845
655 655 8.0852229688957
656 518 1.59442641953823
656 521 -1.05740888336504
656 638 -1.05740888336504
656 656 3.7092441862683
657 550 -1.06504207256204
657 616 -1.06504207256204
657 657 2.13008414512409
658 549 -1.07702545372563
658 639 -1.07702545372563
658 658 2.15405090745127
659 621 -1.03200844599789
659 624 -1.03200844599789
659 645 0.55620294148478
659 659 2.62021983348055
660 587 -1.07271045493442
660 603 -1.07271045493442
660 660 2.14542090986884
661 597 -1.08824629436456
661 616 -1.08824629436456
661 632 0.566861931847135
661 661 4.90781033038265
662 594 -1.08922073820878
662 614 -1.08922073820878
662 662 2.17844147641756
663 594 -1.08922073820878
663 614 -1.08922073820878
663 663 2.17844147641756
664 566 -1.05584490106661
664 590 -1.05584490106661
664 593 0.531774874162504
664 664 2.64346467629572
665 550 0.556898880321323
665 608 -1.10397025290845
665 628 -1.10397025290845
665 665 2.76483938613821
666 550 1.08505766592664
666 597 1.10915211373972
666 601 -1.04662441979906
666 610 -1.04662441979906
666 666 4.28745861926449
667 521 -1.05740888336504
667 638 -1.05740888336504
667 653 0.550874581196796
667 667 2.66569234792687
668 521 -1.05740888336504
668 633 0.538418864890513
668 638 -1.05740888336504
668 654 0.561910079738397
668 668 3.21514671135899
669 521 -1.07434868543302
669 608 -1.07434868543302
669 633 0.540405204866942
669 669 5.94816290986991
670 597 -1.08824629436456
670 616 -1.08824629436456
670 634 1.72637635562265
670 670 4.98940950941357
671 518 -1.03212642388719
671 606 1.04168812816098
671 636 -1.03212642388719
671 671 4.71948533125105
672 559 -1.05412201122157
672 606 0.512710837821991
672 627 -1.05412201122157
672 672 2.62095486026513
673 593 -1.06019744881074
673 616 -1.06019744881074
673 673 2.12039489762148
674 550 -1.08505766592664
674 661 0.546708351434416
674 666 -1.08505766592664
674 674 3.25719927161728
675 597 -1.10915211373972
675 666 -1.10915211373972
675 675 3.82783625127487
676 599 -1.09848842310576
676 621 -1.09848842310576
676 676 3.90592815539453
677 587 -1.04287821045472
677 606 -1.04287821045472
677 677 2.62188228142726
678 550 -1.08505766592664
678 666 -1.08505766592664
678 669 0.546034746133365
678 678 2.71615007798665
679 566 -1.06315738740152
679 649 -1.06315738740152
679 669 2.71302558800356
679 670 1.08654056506179
679 679 5.92588092786838
680 521 -1.0178383551751
680 559 -1.0178383551751
680 680 3.592337374249
681 653 -1.10174916239359
681 667 -1.10174916239359
681 681 2.20349832478718
682 609 -1.11402637119404
682 649 -1.11402637119404
682 682 2.22805274238809
683 586 -1.02047927552846
683 635 -1.02047927552846
683 683 3.06982177496181
684 633 -1.07683772978103
684 668 -1.07683772978103
684 684 2.70008963559628
685 645 -1.11240588296956
685 659 -1.11240588296956
685 661 1.07672669650398
685 685 3.3015384624431
686 538 -1.06952122008642
686 628 -1.06952122008642
686 686 2.13904244017285
687 625 -1.04438720827549
687 628 -1.04438720827549
687 687 2.08877441655099
688 616 0.539701403802649
688 633 -1.08081040973388
688 669 -1.08081040973388
688 688 5.48149476588122
689 550 -1.11379776064265
689 665 -1.11379776064265
689 671 1.09504920292683
689 689 3.32264472421212
690 625 -1.04438720827549
690 628 -1.04438720827549
690 671 0.51849515238886
690 690 4.17251033358567
691 550 -1.06504207256204
691 616 -1.06504207256204
691 627 0.589894464436786
691 691 3.86997814392487
692 594 0.524240247809669
692 597 -1.10915211373972
692 666 -1.10915211373972
692 675 1.60953202379543
692 692 4.35207649908454
693 593 -1.06354974832501
693 594 1.06719561209853
693 664 -1.06354974832501
693 676 1.70895130918302
693 693 4.90324641793156
694 634 -1.1509175704151
694 670 -1.1509175704151
694 694 2.3018351408302
695 653 1.10676738400819
695 654 -1.12382015947679
695 668 -1.12382015947679
695 677 0.536125860517817
695 684 0.546414176034225
695 695 4.43694773951383
696 549 -1.06859681146887
696 655 -1.06859681146887
696 696 3.65699608519763
697 549 -1.06859681146887
697 655 -1.06859681146887
697 697 3.19000650613036
698 669 -1.08521023520142
698 679 -1.08521023520142
698 698 2.17042047040285
699 549 -1.06859681146887
699 655 -1.06859681146887
699 699 2.66880526735661
700 634 -1.1509175704151
700 670 -1.1509175704151
700 700 2.3018351408302
701 559 0.515138310821306
701 669 -1.08521023520142
701 679 -1.08521023520142
701 701 2.68555878122415
702 677 -1.07225172103563
702 695 -1.07225172103563
702 702 2.14450344207127
703 669 -1.08521023520142
703 679 -1.08521023520142
703 691 1.14999953436399
703 703 4.93831459948428
704 609 -1.04487714917734
704 623 -1.04487714917734
704 704 2.08975429835468
705 661 0.54102076186799
705 669 -1.08521023520142
705 679 -1.08521023520142
705 705 2.71144123227084
706 671 -1.09504920292683
706 689 -1.09504920292683
706 706 2.19009840585366
707 661 -1.07672669650398
707 685 -1.07672669650398
707 707 2.15345339300797
708 518 -1.06295094635882
708 656 -1.06295094635882
708 708 2.12590189271764
709 670 -1.08654056506179
709 679 -1.08654056506179
709 709 2.17308113012358
710 669 -1.08521023520142
710 679 -1.08521023520142
710 710 2.72247316847766
711 670 -1.08654056506179
711 679 -1.08654056506179
711 711 2.17308113012358
712 606 -1.02542167564398
712 672 -1.02542167564398
712 712 2.05084335128796
713 625 -1.04438720827549
713 628 -1.04438720827549
713 713 2.08877441655099
714 653 -1.10676738400819
714 695 -1.10676738400819
714 714 2.21353476801639
715 597 -1.08824629436456
715 616 -1.08824629436456
715 715 2.7008402328656
716 625 -1.07702545372563
716 632 -1.07702545372563
716 716 3.72523326221017
717 675 -1.07302134919695
717 692 -1.07302134919695
717 717 2.14604269839391
718 518 -1.06295094635882
718 656 -1.06295094635882
718 690 1.56524076464583
718 718 3.69114265736346
719 671 -1.09504920292683
719 689 -1.09504920292683
719 719 2.19009840585366
720 594 -1.04848049561934
720 692 -1.04848049561934
720 720 2.09696099123868
721 676 -1.13930087278868
721 693 -1.13930087278868
721 721 2.80897564705945
722 627 -1.17978892887357
722 691 -1.17978892887357
722 722 2.35957785774715
723 661 -1.07672669650398
723 685 -1.07672669650398
723 723 2.15345339300797
724 549 -1.06859681146887
724 655 -1.06859681146887
724 724 2.13719362293775
725 625 -1.04438720827549
725 628 -1.04438720827549
725 725 2.08877441655099
726 549 -1.06859681146887
726 655 -1.06859681146887
726 680 0.523585399333738
726 726 2.66077902227149
727 559 -1.05412201122157
727 627 -1.05412201122157
727 716 0.510434551794722
727 727 2.61867857423786
728 625 -1.07702545372563
728 632 -1.07702545372563
728 680 0.516537632282531
728 696 1.51980246225988
728 697 0.506600820753294
728 728 4.69699182274698
729 597 -1.08824629436456
729 616 -1.08824629436456
729 699 0.53161164441886
729 729 2.70810423314799
730 559 -1.04438720827549
730 628 -1.04438720827549
730 730 2.08877441655099
731 634 -1.1509175704151
731 643 0.560288807238914
731 670 -1.1509175704151
731 731 2.86212394806911
732 549 -1.06859681146887
732 655 -1.06859681146887
732 703 0.522147685133777
732 732 2.65934130807153
733 559 -1.05412201122157
733 627 -1.05412201122157
733 733 2.10824402244314
734 518 -1.06295094635882
734 628 1.09191964925952
734 656 -1.06295094635882
734 734 3.21782154197716
735 684 -1.09282835206845
735 695 -1.09282835206845
735 735 2.1856567041369
736 653 -1.10676738400819
736 695 -1.10676738400819
736 710 0.552052698074817
736 736 2.7655874660912
737 606 -1.04168812816098
737 671 -1.04168812816098
737 737 2.08337625632197
738 594 -1.06719561209853
738 693 -1.06719561209853
738 738 2.13439122419706
739 616 -1.0794028076053
739 688 -1.0794028076053
739 739 2.1588056152106
740 606 -1.04168812816098
740 671 -1.04168812816098
740 740 2.08337625632197
741 632 -1.13372386369427
741 661 -1.13372386369427
741 688 2.78017254261081
741 741 6.10792921760049
742 559 -1.05412201122157
742 627 -1.05412201122157
742 742 2.10824402244314
743 559 -1.05412201122157
743 597 0.542558556604233
743 627 -1.05412201122157
743 743 2.65080257904737
744 594 -1.06719561209853
744 653 0.545956954221349
744 693 -1.06719561209853
744 744 2.6803481784184
745 625 -1.04438720827549
745 628 -1.04438720827549
745 715 0.524347644136474
745 721 0.530373901482089
745 745 3.14349596216955
746 625 -1.04438720827549
746 628 -1.04438720827549
746 683 1.02886322390489
746 746 3.11763764045588
747 671 -1.03699030477772
747 690 -1.03699030477772
747 747 2.07398060955544
748 675 -1.07302134919695
748 692 -1.07302134919695
748 748 2.14604269839391
749 749 1.53588290788416
750 676 -1.13930087278868
750 693 -1.13930087278868
750 750 2.27860174557736
751 625 -1.04438720827549
751 628 -1.04438720827549
751 751 2.08877441655099
752 669 -1.09206949226673
752 678 -1.09206949226673
752 752 2.18413898453346
753 721 -1.06074780296418
753 745 -1.06074780296418
753 753 2.63502285704262
754 691 -1.14999953436399
754 703 -1.14999953436399
754 754 2.29999906872799
755 703 -1.04429537026755
755 732 -1.04429537026755
755 755 2.08859074053511
756 683 -1.02886322390489
756 741 0.533823678478025
756 746 -1.02886322390489
756 756 2.59155012628781
757 628 -1.09191964925952
757 734 -1.09191964925952
757 757 2.18383929851905
758 549 -1.06859681146887
758 655 -1.06859681146887
758 758 2.13719362293775
759 710 -1.10410539614963
759 736 -1.10410539614963
759 759 2.20821079229927
760 625 -1.04438720827549
760 628 -1.04438720827549
760 760 2.08877441655099
761 559 -1.03027662164261
761 701 -1.03027662164261
761 761 2.06055324328522
762 675 -1.07302134919695
762 692 -1.07302134919695
762 762 2.14604269839391
763 676 -1.13930087278868
763 693 -1.13930087278868
763 716 1.06074780296418
763 763 3.33934954854154
764 628 -1.09191964925952
764 697 0.546212062439319
764 734 -1.09191964925952
764 764 2.73005136095837
765 683 -1.02886322390489
765 746 -1.02886322390489
765 765 2.05772644780978
766 597 -1.08511711320847
766 743 -1.08511711320847
766 766 2.17023422641693
767 688 -1.11206901704432
767 703 1.09574690958366
767 741 -1.11206901704432
767 767 3.3198849436723
768 549 -1.06859681146887
768 655 -1.06859681146887
768 768 2.67542021971469
769 674 0.540375588329579
769 680 -1.04717079866748
769 726 -1.04717079866748
769 769 2.63471718566453
770 643 -1.12057761447783
770 731 -1.12057761447783
770 770 2.24115522895566
771 625 -1.04438720827549
771 628 -1.04438720827549
771 753 0.513527251114262
771 771 2.60230166766525
772 625 -1.04438720827549
772 628 -1.04438720827549
772 772 2.08877441655099
773 688 -1.11206901704432
773 741 -1.11206901704432
773 773 2.22413803408864
774 549 -1.06859681146887
774 655 -1.06859681146887
774 774 2.13719362293775
775 653 -1.0919139084427
775 744 -1.0919139084427
775 775 2.1838278168854
776 691 -1.14999953436399
776 703 -1.14999953436399
776 776 2.29999906872799
777 715 -1.04869528827295
777 745 -1.04869528827295
777 777 2.0973905765459
778 655 1.06859681146887
778 741 0.526485269123121
778 778 2.59508208059199
779 699 -1.06322328883772
779 729 -1.06322328883772
779 779 2.64356628536332
780 655 -1.06859681146887
780 778 -1.06859681146887
780 780 2.13719362293775
781 674 -1.08075117665916
781 769 -1.08075117665916
781 781 2.16150235331832
782 696 -1.01320164150659
782 728 -1.01320164150659
782 782 2.02640328301318
783 688 -1.11206901704432
783 741 -1.11206901704432
783 783 2.22413803408864
784 690 -1.04349384309722
784 718 -1.04349384309722
784 784 2.08698768619444
785 716 -1.06074780296418
785 763 -1.06074780296418
785 785 2.12149560592836
786 741 -1.05297053824624
786 778 -1.05297053824624
786 786 2.10594107649248
787 661 -1.08204152373598
787 705 -1.08204152373598
787 787 2.16408304747196
788 661 -1.09341670286883
788 674 -1.09341670286883
788 788 2.18683340573766
789 688 -1.11206901704432
789 741 -1.11206901704432
789 768 0.538226596776938
789 789 2.76236463086558
790 703 -1.09574690958366
790 767 -1.09574690958366
790 790 2.19149381916732
791 696 -1.01320164150659
791 728 -1.01320164150659
791 791 2.02640328301318
792 697 -1.01320164150659
792 728 -1.01320164150659
792 792 2.02640328301318
793 655 -1.06859681146887
793 680 0.516537632282531
793 778 -1.06859681146887
793 779 0.517119707687878
793 793 3.17085096290816
794 690 -1.04349384309722
794 718 -1.04349384309722
794 794 2.08698768619444
795 716 -1.06074780296418
795 763 -1.06074780296418
795 795 2.12149560592836
796 688 -1.11206901704432
796 741 -1.11206901704432
796 796 2.22413803408864
797 716 -1.02086910358944
797 727 -1.02086910358944
797 797 2.04173820717889
798 696 -1.01320164150659
798 728 -1.01320164150659
798 798 2.02640328301318
799 697 -1.09242412487864
799 749 0.535882907884163
799 764 -1.09242412487864
799 799 2.72073115764144
800 690 -1.04349384309722
800 718 -1.04349384309722
800 800 2.08698768619444
801 753 -1.02705450222852
801 771 -1.02705450222852
801 801 2.05410900445705
802 703 -1.09574690958366
802 767 -1.09574690958366
802 802 2.19149381916732
803 768 -1.07645319355388
803 789 -1.07645319355388
803 803 2.15290638710775
804 680 -1.03307526456506
804 793 -1.03307526456506
804 804 2.06615052913012
805 741 -1.06764735695605
805 756 -1.06764735695605
805 805 2.1352947139121
806 779 -1.03423941537576
806 793 -1.03423941537576
806 806 2.06847883075151
807 749 -1.07176581576833
807 799 -1.07176581576833
807 807 2.14353163153665
808 680 -1.03307526456506
808 728 -1.03307526456506
808 808 2.06615052913012
