ARS sex ageCat f_coeff immGG id year
3 Female 1 0 0.4716796875 253 1994
3 Female 1 0.036407470703125 0.576171875 213 1994
2 Female 1 0.0828323364257812 0.37158203125 320 1996
9 Female 2 0.0828323364257812 0.37158203125 320 1997
3 Female 1 0.0618896484375 0.38525390625 319 1996
6 Female 2 0.0618896484375 0.38525390625 319 1997
8 Female 3to5 0.0618896484375 0.38525390625 319 1998
5 Female 1 0.0718917846679688 0.4921875 272 1996
6 Female 1 0.0565395355224609 0.341064453125 369 1996
4 Female 1 0.0233306884765625 0.5009765625 271 1996
3 Female 1 0.030487060546875 0.37646484375 322 1996
3 Female 1 0.075439453125 0.47705078125 318 1996
7 Female 2 0.075439453125 0.47705078125 318 1997
4 Female 1 0.0463676452636719 0.4140625 370 1996
2 Female 1 0.0386123657226562 0.3505859375 269 1996
7 Female 2 0.0386123657226562 0.3505859375 269 1997
6 Female 3to5 0.0386123657226562 0.3505859375 269 1998
3 Female 1 0.0308990478515625 0.3916015625 270 1996
1 Female 2 0.0308990478515625 0.3916015625 270 1997
2 Female 1 0.056915283203125 0.373046875 317 1996
8 Female 2 0.056915283203125 0.373046875 317 1997
6 Female 3to5 0.056915283203125 0.373046875 317 1998
4 Female 1 0.0807380676269531 0.28515625 385 1997
4 Female 1 0.03564453125 0.52880859375 340 1997
3 Female 1 0.013427734375 0.46923828125 345 1997
5 Female 2 0.013427734375 0.46923828125 345 1998
4 Female 3to5 0.013427734375 0.46923828125 345 1999
5 Female 3to5 0.013427734375 0.46923828125 345 2000
5 Female 1 0.0440864562988281 0.43212890625 344 1997
7 Female 2 0.0440864562988281 0.43212890625 344 1998
6 Female 1 0.0491561889648438 0.46826171875 343 1997
4 Female 2 0.0491561889648438 0.46826171875 343 1998
0 Female 1 0.0908012390136719 0.326904296875 386 1997
3 Female 2 0.0908012390136719 0.326904296875 386 1998
6 Female 1 0.0335235595703125 0.46826171875 346 1997
6 Female 1 0 0.51806640625 341 1997
7 Female 1 0.0233306884765625 0.5009765625 277 1997
5 Female 1 0.0938491821289062 0.295654296875 423 1997
8 Female 2 0.0938491821289062 0.295654296875 423 1998
3 Female 3to5 0.0938491821289062 0.295654296875 423 1999
4 Female 3to5 0.0938491821289062 0.295654296875 423 2000
4 Female 1 0.0386123657226562 0.3505859375 276 1997
2 Female 1 0.0946884155273438 0.4462890625 342 1997
7 Female 2 0.0946884155273438 0.4462890625 342 1998
0 Female 1 0.0640792846679688 0.41943359375 347 1997
0 Female 2 0.0640792846679688 0.41943359375 347 1998
0 Female 3to5 0.0640792846679688 0.41943359375 347 1999
0 Female 3to5 0.0640792846679688 0.41943359375 347 2000
0 Female 3to5 0.0640792846679688 0.41943359375 347 2001
0 Female 6plus 0.0640792846679688 0.41943359375 347 2002
0 Female 6plus 0.0640792846679688 0.41943359375 347 2003
0 Female 6plus 0.0640792846679688 0.41943359375 347 2004
0 Female 6plus 0.0640792846679688 0.41943359375 347 2005
5 Female 1 0.0708403587341309 0.37744140625 457 1998
4 Female 2 0.0708403587341309 0.37744140625 457 1999
5 Female 3to5 0.0708403587341309 0.37744140625 457 2000
3 Female 3to5 0.0708403587341309 0.37744140625 457 2001
3 Female 3to5 0.0708403587341309 0.37744140625 457 2002
2 Female 1 0.07391357421875 0.3330078125 398 1998
4 Female 1 0.0550155639648438 0.4384765625 353 1998
4 Female 2 0.0550155639648438 0.4384765625 353 1999
7 Female 3to5 0.0550155639648438 0.4384765625 353 2000
3 Female 1 0.0815486907958984 0.4501953125 400 1998
7 Female 1 0.0459671020507812 0.51611328125 399 1998
4 Female 1 0.103662490844727 0.3115234375 430 1998
2 Female 1 0.0744571685791016 0.444580078125 397 1998
3 Female 2 0.0744571685791016 0.444580078125 397 1999
3 Female 3to5 0.0744571685791016 0.444580078125 397 2000
6 Female 3to5 0.0744571685791016 0.444580078125 397 2001
5 Female 3to5 0.0744571685791016 0.444580078125 397 2002
4 Female 6plus 0.0744571685791016 0.444580078125 397 2003
6 Female 1 0.102233409881592 0.31591796875 458 1998
3 Female 1 0.0730819702148438 0.3388671875 355 1998
6 Female 1 0.0335235595703125 0.46826171875 354 1998
5 Female 2 0.0335235595703125 0.46826171875 354 1999
7 Female 3to5 0.0335235595703125 0.46826171875 354 2000
0 Female 1 0.0615501403808594 0.309326171875 429 1998
0 Female 1 0.0368049144744873 0.4908447265625 487 1999
0 Female 1 0.0757770538330078 0.422119140625 408 1999
2 Female 1 0.0953502655029297 0.440673828125 407 1999
2 Female 2 0.0953502655029297 0.440673828125 407 2000
0 Female 1 0.0743255615234375 0.462158203125 439 1999
7 Female 1 0.0858020782470703 0.3868408203125 442 2000
5 Female 1 0.114452362060547 0.357177734375 412 2000
9 Female 2 0.114452362060547 0.357177734375 412 2001
7 Female 3to5 0.114452362060547 0.357177734375 412 2002
3 Female 1 0.0740036964416504 0.41339111328125 461 2000
0 Female 1 0.105484008789062 0.44775390625 489 2000
7 Female 2 0.105484008789062 0.44775390625 489 2001
3 Female 3to5 0.105484008789062 0.44775390625 489 2002
6 Female 3to5 0.105484008789062 0.44775390625 489 2003
6 Female 1 0.0402469635009766 0.5772705078125 445 2001
6 Female 2 0.0402469635009766 0.5772705078125 445 2002
6 Female 3to5 0.0402469635009766 0.5772705078125 445 2003
7 Female 3to5 0.0402469635009766 0.5772705078125 445 2004
9 Female 3to5 0.0402469635009766 0.5772705078125 445 2005
6 Female 6plus 0.0402469635009766 0.5772705078125 445 2006
6 Female 6plus 0.0402469635009766 0.5772705078125 445 2007
4 Female 6plus 0.0402469635009766 0.5772705078125 445 2008
2 Female 1 0.051055908203125 0.1923828125 252 1994
6 Female 2 0.051055908203125 0.1923828125 252 1995
7 Female 3to5 0.051055908203125 0.1923828125 252 1996
5 Female 3to5 0.051055908203125 0.1923828125 252 1997
5 Female 3to5 0.051055908203125 0.1923828125 252 1998
0 Female 1 0.0225982666015625 0.517578125 245 1994
5 Female 2 0.0225982666015625 0.517578125 245 1995
0 Female 1 0.1014404296875 0.373046875 165 1994
3 Female 1 0.0957870483398438 0.2529296875 246 1994
0 Female 1 0.0548763275146484 0.40283203125 290 1994
4 Female 1 0.0597381591796875 0.33154296875 287 1994
4 Female 2 0.0597381591796875 0.33154296875 287 1995
3 Female 3to5 0.0597381591796875 0.33154296875 287 1996
6 Female 3to5 0.0597381591796875 0.33154296875 287 1997
4 Female 1 0.12493896484375 0.2548828125 250 1994
3 Female 1 0.0107421875 0.564453125 265 1995
1 Female 2 0.0107421875 0.564453125 265 1996
6 Female 3to5 0.0107421875 0.564453125 265 1997
6 Female 1 0.0233306884765625 0.5009765625 262 1995
7 Female 2 0.0233306884765625 0.5009765625 262 1996
10 Female 3to5 0.0233306884765625 0.5009765625 262 1997
6 Female 1 0.0204010009765625 0.5830078125 264 1995
6 Female 1 0.0227279663085938 0.472412109375 360 1995
6 Female 1 0.040802001953125 0.3759765625 263 1995
7 Female 2 0.040802001953125 0.3759765625 263 1996
7 Female 3to5 0.040802001953125 0.3759765625 263 1997
5 Female 1 0.0359458923339844 0.60009765625 303 1995
6 Female 1 0.110004425048828 0.25341796875 302 1995
6 Female 2 0.110004425048828 0.25341796875 302 1996
6 Female 3to5 0.110004425048828 0.25341796875 302 1997
0 Female 3to5 0.110004425048828 0.25341796875 302 1998
3 Female 1 0.0667877197265625 0.29150390625 361 1995
3 Female 2 0.0667877197265625 0.29150390625 361 1996
6 Female 3to5 0.0667877197265625 0.29150390625 361 1997
3 Female 3to5 0.0667877197265625 0.29150390625 361 1998
6 Female 3to5 0.0667877197265625 0.29150390625 361 1999
5 Female 6plus 0.0667877197265625 0.29150390625 361 2000
5 Female 6plus 0.0667877197265625 0.29150390625 361 2001
4 Female 6plus 0.0667877197265625 0.29150390625 361 2002
4 Female 1 0.162361145019531 0.404296875 304 1995
1 Female 1 0.0864410400390625 0.435546875 321 1996
6 Female 1 0.0204010009765625 0.5830078125 268 1996
4 Female 1 0.030487060546875 0.37646484375 314 1996
5 Female 2 0.030487060546875 0.37646484375 314 1997
5 Female 3to5 0.030487060546875 0.37646484375 314 1998
5 Female 1 0.030487060546875 0.37646484375 315 1996
7 Female 2 0.030487060546875 0.37646484375 315 1997
3 Female 1 0.107315063476562 0.25 371 1996
5 Female 1 0.107315063476562 0.25 372 1996
2 Female 2 0.107315063476562 0.25 372 1997
6 Female 3to5 0.107315063476562 0.25 372 1998
5 Female 1 0.0682353973388672 0.451171875 316 1996
3 Female 2 0.0682353973388672 0.451171875 316 1997
4 Female 1 0.08282470703125 0.3779296875 285 1994
2 Female 1 0.051055908203125 0.1923828125 247 1994
3 Female 2 0.051055908203125 0.1923828125 247 1995
3 Female 1 0.021484375 0.3671875 141 1994
8 Female 2 0.021484375 0.3671875 141 1995
2 Female 1 0.152156829833984 0.43701171875 291 1994
6 Female 2 0.152156829833984 0.43701171875 291 1995
7 Female 3to5 0.152156829833984 0.43701171875 291 1996
3 Female 1 0.122451782226562 0.32275390625 288 1994
3 Female 1 0 0.79296875 152 1994
5 Female 2 0 0.79296875 152 1995
4 Female 3to5 0 0.79296875 152 1996
4 Female 3to5 0 0.79296875 152 1997
4 Female 3to5 0 0.79296875 152 1998
3 Female 6plus 0 0.79296875 152 1999
2 Female 6plus 0 0.79296875 152 2000
5 Female 1 0.048492431640625 0.458984375 243 1994
7 Female 2 0.048492431640625 0.458984375 243 1995
5 Female 3to5 0.048492431640625 0.458984375 243 1996
4 Female 1 0.074737548828125 0.3701171875 249 1994
0 Female 1 0.21136474609375 0.1396484375 244 1994
4 Female 2 0.21136474609375 0.1396484375 244 1995
0 Female 3to5 0.21136474609375 0.1396484375 244 1996
2 Female 1 0.0597381591796875 0.33154296875 289 1994
7 Female 2 0.0597381591796875 0.33154296875 289 1995
6 Female 3to5 0.0597381591796875 0.33154296875 289 1996
6 Female 3to5 0.0597381591796875 0.33154296875 289 1997
4 Female 1 0.040802001953125 0.3759765625 251 1994
3 Female 1 0.03564453125 0.52880859375 292 1994
3 Female 1 0.0864410400390625 0.28662109375 286 1994
7 Female 2 0.0864410400390625 0.28662109375 286 1995
4 Female 3to5 0.0864410400390625 0.28662109375 286 1996
3 Female 3to5 0.0864410400390625 0.28662109375 286 1997
3 Female 1 0.106719970703125 0.2724609375 248 1994
4 Female 2 0.106719970703125 0.2724609375 248 1995
5 Female 3to5 0.106719970703125 0.2724609375 248 1996
6 Female 3to5 0.106719970703125 0.2724609375 248 1997
2 Female 1 0.105484008789062 0.44775390625 491 2001
1 Female 2 0.105484008789062 0.44775390625 491 2002
4 Female 3to5 0.105484008789062 0.44775390625 491 2003
5 Female 1 0.0740036964416504 0.41339111328125 462 2001
0 Female 1 0.0824184417724609 0.39501953125 463 2001
8 Female 1 0 0.71923828125 415 2001
3 Female 2 0 0.71923828125 415 2002
7 Female 3to5 0 0.71923828125 415 2003
0 Female 3to5 0 0.71923828125 415 2004
0 Female 3to5 0 0.71923828125 415 2005
4 Female 1 0.0747010707855225 0.37841796875 468 2002
3 Female 2 0.0747010707855225 0.37841796875 468 2003
6 Female 1 0.0819287300109863 0.40667724609375 466 2002
3 Female 1 0.0804681777954102 0.42352294921875 469 2002
3 Female 2 0.0804681777954102 0.42352294921875 469 2003
7 Female 3to5 0.0804681777954102 0.42352294921875 469 2004
7 Female 3to5 0.0804681777954102 0.42352294921875 469 2005
3 Female 3to5 0.0804681777954102 0.42352294921875 469 2006
6 Female 1 0.0379910469055176 0.526123046875 451 2002
8 Female 2 0.0379910469055176 0.526123046875 451 2003
3 Female 1 0.105484008789062 0.44775390625 494 2002
8 Female 2 0.105484008789062 0.44775390625 494 2003
5 Female 1 0.105484008789062 0.44775390625 495 2002
3 Female 1 0.0542196035385132 0.49041748046875 472 2002
8 Female 1 0.0542196035385132 0.49041748046875 470 2002
11 Female 2 0.0542196035385132 0.49041748046875 470 2003
2 Female 1 0.0514075756072998 0.44482421875 527 2002
6 Female 2 0.0514075756072998 0.44482421875 527 2003
2 Female 1 0 0.660400390625 465 2002
3 Female 2 0 0.660400390625 465 2003
7 Female 3to5 0 0.660400390625 465 2004
6 Female 3to5 0 0.660400390625 465 2005
6 Female 1 0.0419259071350098 0.4898681640625 450 2002
6 Female 1 0.0684471540153027 0.459854125976562 577 2006
3 Female 1 0.060905933380127 0.58953857421875 551 2006
9 Female 2 0.060905933380127 0.58953857421875 551 2007
3 Female 1 0.0637537837028503 0.45697021484375 520 2006
3 Female 2 0.0637537837028503 0.45697021484375 520 2007
3 Female 1 0.0708290785551071 0.465805053710938 553 2006
3 Female 1 0.0766917169094086 0.3876953125 571 2006
4 Female 1 0.0838794410228729 0.391082763671875 493 2002
7 Female 2 0.0838794410228729 0.391082763671875 493 2003
3 Female 1 0.0419259071350098 0.4898681640625 454 2003
3 Female 1 0.0535163879394531 0.49737548828125 477 2003
5 Female 2 0.0535163879394531 0.49737548828125 477 2004
7 Female 3to5 0.0535163879394531 0.49737548828125 477 2005
2 Female 1 0.0373600721359253 0.547454833984375 506 2003
3 Female 1 0.0838794410228729 0.391082763671875 496 2002
6 Female 2 0.0838794410228729 0.391082763671875 496 2003
6 Female 1 0.0826640725135803 0.451416015625 526 2002
7 Female 2 0.0826640725135803 0.451416015625 526 2003
4 Female 3to5 0.0826640725135803 0.451416015625 526 2004
6 Female 1 0.0523055791854858 0.490142822265625 504 2003
5 Female 1 0 0.660400390625 471 2002
6 Female 2 0 0.660400390625 471 2003
3 Female 3to5 0 0.660400390625 471 2004
11 Female 3to5 0 0.660400390625 471 2005
6 Female 1 0 0.660400390625 467 2002
4 Female 1 0.0779668092727661 0.412322998046875 503 2003
0 Female 2 0.0779668092727661 0.412322998046875 503 2004
0 Female 3to5 0.0779668092727661 0.412322998046875 503 2005
4 Female 1 0.0670806169509888 0.474884033203125 505 2003
8 Female 2 0.0670806169509888 0.474884033203125 505 2004
10 Female 3to5 0.0670806169509888 0.474884033203125 505 2005
2 Female 3to5 0.0670806169509888 0.474884033203125 505 2006
8 Female 3to5 0.0670806169509888 0.474884033203125 505 2007
7 Female 1 0.0641529783606529 0.419418334960938 528 2003
5 Female 1 0.0542196035385132 0.49041748046875 479 2003
8 Female 1 0.0542196035385132 0.49041748046875 478 2003
5 Female 1 0.0240890979766846 0.67431640625 509 2004
6 Female 1 0.0710224807262421 0.5985107421875 508 2004
7 Female 2 0.0710224807262421 0.5985107421875 508 2005
7 Female 1 0.0660239458084106 0.50958251953125 480 2004
7 Female 2 0.0660239458084106 0.50958251953125 480 2005
7 Female 1 0.0514075756072998 0.44482421875 535 2004
6 Female 2 0.0514075756072998 0.44482421875 535 2005
8 Female 3to5 0.0514075756072998 0.44482421875 535 2006
6 Female 1 0.0616087466478348 0.440475463867188 534 2004
8 Female 2 0.0616087466478348 0.440475463867188 534 2005
8 Female 1 0.0710224807262421 0.5985107421875 510 2004
6 Female 2 0.0710224807262421 0.5985107421875 510 2005
6 Female 3to5 0.0710224807262421 0.5985107421875 510 2006
10 Female 1 0.0542196035385132 0.49041748046875 481 2004
4 Female 2 0.0542196035385132 0.49041748046875 481 2005
8 Female 3to5 0.0542196035385132 0.49041748046875 481 2006
4 Female 1 0.0350514501333237 0.599395751953125 543 2005
0 Female 1 0.0350514501333237 0.599395751953125 546 2005
6 Female 1 0.0450029373168945 0.5511474609375 514 2005
5 Female 1 0.0353802144527435 0.582366943359375 544 2005
5 Female 1 0.0353802144527435 0.582366943359375 545 2005
5 Female 2 0.0353802144527435 0.582366943359375 545 2006
6 Female 3to5 0.0353802144527435 0.582366943359375 545 2007
7 Female 1 0.0536594390869141 0.5159912109375 564 2005
5 Female 2 0.0536594390869141 0.5159912109375 564 2006
11 Female 3to5 0.0536594390869141 0.5159912109375 564 2007
6 Female 3to5 0.0536594390869141 0.5159912109375 564 2008
8 Female 1 0.0394054055213928 0.571075439453125 516 2005
6 Female 1 0 0.8441162109375 456 2005
8 Female 2 0 0.8441162109375 456 2006
8 Female 3to5 0 0.8441162109375 456 2007
5 Female 3to5 0 0.8441162109375 456 2008
6 Female 1 0.0319887399673462 0.6204833984375 517 2005
4 Female 1 0.0447060465812683 0.5335693359375 547 2005
3 Female 2 0.0447060465812683 0.5335693359375 547 2006
6 Female 1 0.0450029373168945 0.5511474609375 515 2005
6 Female 2 0.0450029373168945 0.5511474609375 515 2006
9 Female 3to5 0.0450029373168945 0.5511474609375 515 2007
4 Female 3to5 0.0450029373168945 0.5511474609375 515 2008
7 Female 3to5 0.0450029373168945 0.5511474609375 515 2009
8 Female 6plus 0.0450029373168945 0.5511474609375 515 2010
4 Female 1 0.0684471540153027 0.459854125976562 572 2006
7 Female 2 0.0684471540153027 0.459854125976562 572 2007
0 Female 3to5 0.0684471540153027 0.459854125976562 572 2008
4 Female 1 0.0235463529825211 0.638839721679688 554 2006
1 Female 1 0.0858993791043758 0.59088134765625 569 2006
5 Female 1 0 0.794906616210938 568 2006
8 Female 2 0 0.794906616210938 568 2007
5 Female 1 0 0.794906616210938 573 2006
7 Female 1 0.148245573043823 0.610137939453125 552 2006
6 Female 1 0.111704662442207 0.526008605957031 574 2006
7 Female 2 0.111704662442207 0.526008605957031 574 2007
7 Female 3to5 0.111704662442207 0.526008605957031 574 2008
8 Female 3to5 0.111704662442207 0.526008605957031 574 2009
8 Female 3to5 0.111704662442207 0.526008605957031 574 2010
5 Female 1 0.0446923784911633 0.565547943115234 586 2006
11 Female 2 0.0446923784911633 0.565547943115234 586 2007
6 Female 1 0 0.724956512451172 587 2006
10 Female 2 0 0.724956512451172 587 2007
6 Female 3to5 0 0.724956512451172 587 2008
10 Female 3to5 0 0.724956512451172 587 2009
10 Female 3to5 0 0.724956512451172 587 2010
3 Female 1 0.0350514501333237 0.599395751953125 550 2006
0 Female 1 0.0350514501333237 0.599395751953125 555 2006
5 Female 1 0.0663012936711311 0.515007019042969 576 2006
10 Female 2 0.0663012936711311 0.515007019042969 576 2007
4 Female 3to5 0.0663012936711311 0.515007019042969 576 2008
7 Female 3to5 0.0663012936711311 0.515007019042969 576 2009
7 Female 3to5 0.0663012936711311 0.515007019042969 576 2010
6 Female 1 0.0451484471559525 0.721755981445312 578 2006
11 Female 2 0.0451484471559525 0.721755981445312 578 2007
4 Female 1 0.0446923784911633 0.565547943115234 588 2006
3 Female 1 0.0235463529825211 0.638839721679688 549 2006
2 Female 1 0 0.794906616210938 570 2006
8 Female 2 0 0.794906616210938 570 2007
6 Female 3to5 0 0.794906616210938 570 2008
7 Female 3to5 0 0.794906616210938 570 2009
7 Female 3to5 0 0.794906616210938 570 2010
8 Female 6plus 0 0.794906616210938 570 2011
7 Female 6plus 0 0.794906616210938 570 2012
2 Female 1 0.111704662442207 0.526008605957031 575 2006
5 Female 1 0.0657937480136752 0.598251342773438 593 2007
7 Female 2 0.0657937480136752 0.598251342773438 593 2008
7 Female 1 0.0761022008955479 0.559684753417969 594 2007
5 Female 2 0.0761022008955479 0.559684753417969 594 2008
7 Female 1 0.10470862314105 0.542442321777344 579 2007
6 Female 2 0.10470862314105 0.542442321777344 579 2008
4 Female 3to5 0.10470862314105 0.542442321777344 579 2009
7 Female 1 0.138958641909994 0.524065017700195 613 2007
4 Female 1 0.02754289470613 0.657883167266846 672 2009
7 Female 2 0.02754289470613 0.657883167266846 672 2010
1 Female 1 0.0643822802230716 0.621307373046875 602 2008
3 Female 1 0.138958641909994 0.524065017700195 625 2008
4 Female 1 0.0217206478118896 0.66192626953125 582 2008
6 Female 2 0.0217206478118896 0.66192626953125 582 2009
6 Female 1 0.0458742659538984 0.558347702026367 623 2008
8 Female 2 0.0458742659538984 0.558347702026367 623 2009
8 Female 3to5 0.0458742659538984 0.558347702026367 623 2010
7 Female 3to5 0.0458742659538984 0.558347702026367 623 2011
1 Female 1 0.0858993791043758 0.59088134765625 583 2008
4 Female 1 0.0983079121215269 0.510096549987793 642 2008
3 Female 2 0.0983079121215269 0.510096549987793 642 2009
4 Female 3to5 0.0983079121215269 0.510096549987793 642 2010
4 Female 1 0.105039894580841 0.539558410644531 620 2008
4 Female 1 0.0618835702771321 0.581452369689941 641 2008
6 Female 2 0.0618835702771321 0.581452369689941 641 2009
4 Female 3to5 0.0618835702771321 0.581452369689941 641 2010
4 Female 1 0.0618835702771321 0.581452369689941 645 2008
9 Female 2 0.0618835702771321 0.581452369689941 645 2009
6 Female 3to5 0.0618835702771321 0.581452369689941 645 2010
3 Female 1 0.097417464479804 0.524696350097656 605 2008
1 Female 1 0.0512042324990034 0.588630676269531 624 2008
5 Female 1 0.138958641909994 0.524065017700195 622 2008
7 Female 2 0.138958641909994 0.524065017700195 622 2009
11 Female 3to5 0.138958641909994 0.524065017700195 622 2010
3 Female 1 0.102687706239522 0.554485321044922 621 2008
6 Female 2 0.102687706239522 0.554485321044922 621 2009
2 Female 1 0.0727810682728887 0.518424987792969 604 2008
1 Female 1 0.0727810682728887 0.518424987792969 603 2008
6 Female 1 0.0673741963692009 0.542844772338867 626 2008
5 Female 1 0.0618835702771321 0.581452369689941 643 2008
5 Female 1 0.00869789719581604 0.789215087890625 523 2008
3 Female 2 0.00869789719581604 0.789215087890625 523 2009
6 Female 3to5 0.00869789719581604 0.789215087890625 523 2010
6 Female 3to5 0.00869789719581604 0.789215087890625 523 2011
3 Female 3to5 0.00869789719581604 0.789215087890625 523 2012
5 Female 1 0.116403465624899 0.471218109130859 606 2008
3 Female 1 0.0858993791043758 0.59088134765625 581 2008
4 Female 2 0.0858993791043758 0.59088134765625 581 2009
8 Female 3to5 0.0858993791043758 0.59088134765625 581 2010
4 Female 3to5 0.0858993791043758 0.59088134765625 581 2011
5 Female 3to5 0.0858993791043758 0.59088134765625 581 2012
1 Female 6plus 0.0858993791043758 0.59088134765625 581 2013
3 Female 6plus 0.0858993791043758 0.59088134765625 581 2014
3 Female 1 0.104563997127116 0.547362327575684 644 2008
5 Female 2 0.104563997127116 0.547362327575684 644 2009
7 Female 1 0.0727810682728887 0.518424987792969 608 2009
2 Female 1 0.0314386857207865 0.692773818969727 632 2009
6 Female 1 0.0314386857207865 0.692773818969727 631 2009
5 Female 2 0.0314386857207865 0.692773818969727 631 2010
3 Female 1 0.14259051917179 0.5263352394104 673 2009
10 Female 2 0.14259051917179 0.5263352394104 673 2010
4 Female 1 0.0856587972375564 0.70383083820343 773 2012
3 Female 1 0.0856587972375564 0.70383083820343 772 2012
3 Female 1 0.0673670847900212 0.621671676635742 745 2012
3 Female 1 0.0673670847900212 0.621671676635742 748 2012
0 Female 1 0.0652669648052324 0.705424189567566 774 2012
5 Female 1 0.0408054559957236 0.680322170257568 707 2012
2 Female 1 0.0408054559957236 0.680322170257568 706 2012
6 Female 1 0 0.792401790618896 709 2012
3 Female 1 0.192084701244312 0.572181463241577 743 2012
8 Female 2 0.192084701244312 0.572181463241577 743 2013
6 Female 3to5 0.192084701244312 0.572181463241577 743 2014
11 Female 3to5 0.192084701244312 0.572181463241577 743 2015
3 Female 1 0.139537445465976 0.568653106689453 746 2012
5 Female 2 0.139537445465976 0.568653106689453 746 2013
6 Female 1 0.0408054559957236 0.680322170257568 705 2012
4 Female 1 0 0.792401790618896 715 2013
9 Female 2 0 0.792401790618896 715 2014
8 Female 3to5 0 0.792401790618896 715 2015
3 Female 1 0.114241530998697 0.55694317817688 755 2013
2 Female 1 0.0953321110355319 0.639572858810425 757 2013
3 Female 1 0.0867182600977685 0.595396757125854 783 2013
10 Female 2 0.0867182600977685 0.595396757125854 783 2014
0 Female 1 0.0633458351767331 0.68549370765686 761 2013
0 Female 1 0.115831339368015 0.572653293609619 759 2013
7 Female 1 0.0519096002681181 0.632257461547852 658 2010
4 Female 1 0.201211399282329 0.531766891479492 654 2010
1 Female 2 0.201211399282329 0.531766891479492 654 2011
4 Female 3to5 0.201211399282329 0.531766891479492 654 2012
6 Female 1 0.127941379367257 0.569644451141357 679 2010
8 Female 2 0.127941379367257 0.569644451141357 679 2011
7 Female 3to5 0.127941379367257 0.569644451141357 679 2012
7 Female 3to5 0.127941379367257 0.569644451141357 679 2013
6 Female 3to5 0.127941379367257 0.569644451141357 679 2014
4 Female 1 0.136436674278229 0.58992862701416 657 2010
6 Female 1 0.0835087429732084 0.558910369873047 637 2010
8 Female 1 0.0835087429732084 0.558910369873047 638 2010
5 Female 1 0.032301667612046 0.630324602127075 717 2010
8 Female 1 0.0903354897163808 0.576940536499023 660 2010
6 Female 2 0.0903354897163808 0.576940536499023 660 2011
6 Female 3to5 0.0903354897163808 0.576940536499023 660 2012
2 Female 3to5 0.0903354897163808 0.576940536499023 660 2013
4 Female 1 0.127941379367257 0.569644451141357 682 2010
7 Female 1 0.0808248224202543 0.602385520935059 659 2010
3 Female 1 0.0825400032917969 0.549938678741455 681 2010
10 Female 1 0.0927223639155272 0.578585624694824 661 2010
10 Female 2 0.0927223639155272 0.578585624694824 661 2011
7 Female 3to5 0.0927223639155272 0.578585624694824 661 2012
8 Female 3to5 0.0927223639155272 0.578585624694824 661 2013
6 Female 1 0.0927223639155272 0.578585624694824 655 2010
8 Female 2 0.0927223639155272 0.578585624694824 655 2011
5 Female 3to5 0.0927223639155272 0.578585624694824 655 2012
5 Female 3to5 0.0927223639155272 0.578585624694824 655 2013
6 Female 1 0.136436674278229 0.58992862701416 656 2010
5 Female 1 0.0835087429732084 0.558910369873047 636 2010
3 Female 2 0.0835087429732084 0.558910369873047 636 2011
0 Female 3to5 0.0835087429732084 0.558910369873047 636 2012
5 Female 1 0 0.790726184844971 680 2010
5 Female 1 0 0.792401790618896 693 2011
6 Female 2 0 0.792401790618896 693 2012
7 Female 3to5 0 0.792401790618896 693 2013
4 Female 1 0.101186321728164 0.537415266036987 721 2011
6 Female 1 0 0.80721527338028 808 2015
6 Female 1 0.201211399282329 0.531766891479492 665 2011
3 Female 2 0.201211399282329 0.531766891479492 665 2012
0 Female 3to5 0.201211399282329 0.531766891479492 665 2013
8 Female 1 0.101309623423731 0.587551116943359 695 2011
7 Female 2 0.101309623423731 0.587551116943359 695 2012
6 Female 3to5 0.101309623423731 0.587551116943359 695 2013
7 Female 3to5 0.101309623423731 0.587551116943359 695 2014
5 Female 1 0.0680520935129607 0.60060453414917 694 2011
9 Female 2 0.0680520935129607 0.60060453414917 694 2012
5 Female 1 0.115768195030796 0.565709471702576 782 2013
9 Female 2 0.115768195030796 0.565709471702576 782 2014
3 Female 1 0.115768195030796 0.565709471702576 795 2014
8 Female 2 0.115768195030796 0.565709471702576 795 2015
6 Female 1 0.0713440426989109 0.680680990219116 767 2014
3 Female 1 0.0713440426989109 0.680680990219116 766 2014
3 Female 1 0.0428132959232244 0.721744894981384 796 2014
5 Female 1 0.0358800253311529 0.707573413848877 797 2014
4 Female 1 0.114455667518087 0.66005539894104 794 2014
8 Female 1 0.133619293143056 0.614430546760559 798 2014
9 Female 2 0.133619293143056 0.614430546760559 798 2015
6 Female 1 0 0.784822225570679 765 2014
9 Female 2 0 0.784822225570679 765 2015
6 Female 1 0.156555849873712 0.733537137508392 804 2014
9 Female 2 0.156555849873712 0.733537137508392 804 2015
6 Female 1 0.0332946353591979 0.730159401893616 801 2015
8 Female 1 0.0917729407956358 0.574419498443604 697 2011
7 Female 2 0.0917729407956358 0.574419498443604 697 2012
3 Female 1 0 0.7631676197052 741 2012
6 Female 2 0 0.7631676197052 741 2013
11 Female 3to5 0 0.7631676197052 741 2014
2 Female 1 0.148752804270771 0.559906959533691 696 2011
4 Female 1 0 0.792401790618896 708 2012
4 Female 2 0 0.792401790618896 708 2013
5 Female 1 0.100333418937225 0.552460432052612 747 2012
6 Female 2 0.100333418937225 0.552460432052612 747 2013
7 Female 3to5 0.100333418937225 0.552460432052612 747 2014
2 Female 3to5 0.100333418937225 0.552460432052612 747 2015
0 Female 1 0.308628649137972 0.60060453414917 749 2012
3 Female 1 0.0259108410682529 0.651979207992554 742 2012
5 Female 1 0.0259108410682529 0.651979207992554 740 2012
4 Female 1 0.0826197068672627 0.568960189819336 670 2012
3 Female 1 0.148752804270771 0.559906959533691 704 2012
6 Female 1 0.0408054559957236 0.680322170257568 702 2012
6 Female 2 0.0408054559957236 0.680322170257568 702 2013
4 Female 1 0.0326016370672733 0.689855098724365 703 2012
3 Female 1 0.0927223639155272 0.578585624694824 669 2012
7 Female 2 0.0927223639155272 0.578585624694824 669 2013
5 Female 3to5 0.0927223639155272 0.578585624694824 669 2014
5 Female 1 0.129488928449064 0.571770668029785 744 2012
6 Female 2 0.129488928449064 0.571770668029785 744 2013
3 Female 1 0.0713507838954683 0.674565196037292 781 2013
6 Female 2 0.0713507838954683 0.674565196037292 781 2014
3 Female 1 0.0260621042089042 0.766698122024536 756 2013
6 Female 1 0.115768195030796 0.565709471702576 780 2013
3 Female 2 0.115768195030796 0.565709471702576 780 2014
3 Female 1 0.0825934675922326 0.571430206298828 784 2013
6 Female 1 0 0.792401790618896 714 2013
2 Female 1 0.0259108410682529 0.651979207992554 760 2013
2 Female 1 0.0259108410682529 0.651979207992554 758 2013
7 Female 2 0.0259108410682529 0.651979207992554 758 2014
11 Female 3to5 0.0259108410682529 0.651979207992554 758 2015
3 Female 1 0.142688085397822 0.576881885528564 713 2013
8 Female 2 0.142688085397822 0.576881885528564 713 2014
11 Female 3to5 0.142688085397822 0.576881885528564 713 2015
1 Male 1 0.03125 0.375 109 1994
0 Male 1 0.0107421875 0.4677734375 242 1994
5 Male 2 0.0107421875 0.4677734375 242 1995
8 Male 3to5 0.0107421875 0.4677734375 242 1996
0 Male 3to5 0.0107421875 0.4677734375 242 1997
3 Male 3to5 0.0107421875 0.4677734375 242 1998
0 Male 1 0.036407470703125 0.576171875 212 1994
0 Male 2 0.036407470703125 0.576171875 212 1995
0 Male 1 0.036407470703125 0.576171875 214 1994
2 Male 1 0.0807380676269531 0.28515625 364 1996
0 Male 1 0.0807380676269531 0.28515625 368 1996
0 Male 2 0.0807380676269531 0.28515625 368 1997
1 Male 3to5 0.0807380676269531 0.28515625 368 1998
4 Male 3to5 0.0807380676269531 0.28515625 368 1999
3 Male 3to5 0.0807380676269531 0.28515625 368 2000
0 Male 6plus 0.0807380676269531 0.28515625 368 2001
0 Male 6plus 0.0807380676269531 0.28515625 368 2002
0 Male 1 0.0550155639648438 0.4384765625 313 1996
2 Male 2 0.0550155639648438 0.4384765625 313 1997
1 Male 1 0.0712890625 0.4765625 155 1996
0 Male 1 0.056915283203125 0.373046875 329 1996
0 Male 1 0.044464111328125 0.412109375 217 1996
3 Male 2 0.044464111328125 0.412109375 217 1997
7 Male 3to5 0.044464111328125 0.412109375 217 1998
0 Male 3to5 0.044464111328125 0.412109375 217 1999
0 Male 1 0.044464111328125 0.412109375 216 1996
6 Male 2 0.044464111328125 0.412109375 216 1997
2 Male 3to5 0.044464111328125 0.412109375 216 1998
0 Male 1 0.0565395355224609 0.341064453125 376 1996
2 Male 1 0.0565395355224609 0.341064453125 362 1996
0 Male 1 0.0335235595703125 0.46826171875 324 1996
1 Male 1 0 0.51806640625 325 1996
0 Male 1 0.056640625 0.4453125 327 1996
0 Male 1 0.0802040100097656 0.549072265625 378 1996
0 Male 1 0.0718917846679688 0.4921875 273 1996
0 Male 1 0.0463676452636719 0.4140625 365 1996
3 Male 2 0.0463676452636719 0.4140625 365 1997
0 Male 3to5 0.0463676452636719 0.4140625 365 1998
0 Male 3to5 0.0463676452636719 0.4140625 365 1999
0 Male 3to5 0.0463676452636719 0.4140625 365 2000
0 Male 1 0.0214776992797852 0.480712890625 374 1996
0 Male 1 0.0214776992797852 0.480712890625 377 1996
0 Male 1 0.056915283203125 0.373046875 330 1996
2 Male 1 0.0646266937255859 0.450927734375 367 1996
3 Male 2 0.0646266937255859 0.450927734375 367 1997
1 Male 3to5 0.0646266937255859 0.450927734375 367 1998
0 Male 3to5 0.0646266937255859 0.450927734375 367 1999
1 Male 3to5 0.0646266937255859 0.450927734375 367 2000
1 Male 1 0.0983409881591797 0.353759765625 388 1997
3 Male 1 0.0906162261962891 0.374755859375 381 1997
0 Male 1 0.0446243286132812 0.54345703125 349 1997
2 Male 1 0.0228004455566406 0.51806640625 332 1997
7 Male 2 0.0228004455566406 0.51806640625 332 1998
4 Male 3to5 0.0228004455566406 0.51806640625 332 1999
5 Male 3to5 0.0228004455566406 0.51806640625 332 2000
2 Male 3to5 0.0228004455566406 0.51806640625 332 2001
0 Male 1 0.151985168457031 0.39453125 382 1997
1 Male 2 0.151985168457031 0.39453125 382 1998
0 Male 3to5 0.151985168457031 0.39453125 382 1999
0 Male 1 0.0801362991333008 0.3687744140625 420 1997
7 Male 2 0.0801362991333008 0.3687744140625 420 1998
3 Male 3to5 0.0801362991333008 0.3687744140625 420 1999
3 Male 3to5 0.0801362991333008 0.3687744140625 420 2000
6 Male 3to5 0.0801362991333008 0.3687744140625 420 2001
4 Male 6plus 0.0801362991333008 0.3687744140625 420 2002
3 Male 1 0.0341529846191406 0.55029296875 334 1997
0 Male 1 0.03564453125 0.52880859375 348 1997
0 Male 2 0.03564453125 0.52880859375 348 1998
0 Male 1 0.0980720520019531 0.312255859375 425 1997
1 Male 1 0.0386123657226562 0.3505859375 275 1997
0 Male 1 0.0440864562988281 0.43212890625 339 1997
0 Male 2 0.0440864562988281 0.43212890625 339 1998
4 Male 3to5 0.0440864562988281 0.43212890625 339 1999
0 Male 3to5 0.0440864562988281 0.43212890625 339 2000
0 Male 3to5 0.0440864562988281 0.43212890625 339 2001
2 Male 1 0.0722036361694336 0.3216552734375 418 1997
5 Male 1 0.0239830017089844 0.44189453125 335 1997
2 Male 2 0.0239830017089844 0.44189453125 335 1998
0 Male 3to5 0.0239830017089844 0.44189453125 335 1999
0 Male 3to5 0.0239830017089844 0.44189453125 335 2000
4 Male 3to5 0.0239830017089844 0.44189453125 335 2001
5 Male 6plus 0.0239830017089844 0.44189453125 335 2002
13 Male 6plus 0.0239830017089844 0.44189453125 335 2003
3 Male 6plus 0.0239830017089844 0.44189453125 335 2004
1 Male 6plus 0.0239830017089844 0.44189453125 335 2005
0 Male 1 0.0476245880126953 0.47802734375 379 1997
5 Male 1 0.0600414276123047 0.546630859375 380 1997
0 Male 1 0.193277359008789 0.252685546875 387 1997
0 Male 1 0.0729856491088867 0.387451171875 424 1997
1 Male 1 0 0.51806640625 338 1997
4 Male 2 0 0.51806640625 338 1998
0 Male 1 0.0983409881591797 0.353759765625 384 1997
0 Male 2 0.0983409881591797 0.353759765625 384 1998
0 Male 3to5 0.0983409881591797 0.353759765625 384 1999
2 Male 3to5 0.0983409881591797 0.353759765625 384 2000
0 Male 3to5 0.0983409881591797 0.353759765625 384 2001
3 Male 6plus 0.0983409881591797 0.353759765625 384 2002
0 Male 1 0 0.665771484375 383 1997
6 Male 2 0 0.665771484375 383 1998
2 Male 1 0.0946216583251953 0.4132080078125 419 1997
6 Male 2 0.0946216583251953 0.4132080078125 419 1998
0 Male 1 0.0808143615722656 0.33837890625 337 1997
3 Male 2 0.0808143615722656 0.33837890625 337 1998
2 Male 3to5 0.0808143615722656 0.33837890625 337 1999
0 Male 3to5 0.0808143615722656 0.33837890625 337 2000
3 Male 1 0.0511970520019531 0.41748046875 336 1997
5 Male 2 0.0511970520019531 0.41748046875 336 1998
0 Male 3to5 0.0511970520019531 0.41748046875 336 1999
5 Male 3to5 0.0511970520019531 0.41748046875 336 2000
1 Male 3to5 0.0511970520019531 0.41748046875 336 2001
1 Male 6plus 0.0511970520019531 0.41748046875 336 2002
5 Male 1 0.0980720520019531 0.312255859375 416 1997
2 Male 2 0.0980720520019531 0.312255859375 416 1998
1 Male 3to5 0.0980720520019531 0.312255859375 416 1999
0 Male 3to5 0.0980720520019531 0.312255859375 416 2000
5 Male 3to5 0.0980720520019531 0.312255859375 416 2001
0 Male 6plus 0.0980720520019531 0.312255859375 416 2002
2 Male 6plus 0.0980720520019531 0.312255859375 416 2003
0 Male 1 0.0579414367675781 0.32080078125 422 1997
0 Male 2 0.0579414367675781 0.32080078125 422 1998
0 Male 3to5 0.0579414367675781 0.32080078125 422 1999
4 Male 3to5 0.0579414367675781 0.32080078125 422 2000
6 Male 3to5 0.0579414367675781 0.32080078125 422 2001
6 Male 6plus 0.0579414367675781 0.32080078125 422 2002
3 Male 1 0.0239830017089844 0.44189453125 333 1997
0 Male 1 0.0652952194213867 0.47607421875 389 1997
7 Male 1 0.051666259765625 0.37841796875 417 1997
0 Male 2 0.051666259765625 0.37841796875 417 1998
0 Male 1 0.106369018554688 0.2841796875 350 1997
0 Male 1 0.0922765731811523 0.3585205078125 421 1997
1 Male 2 0.0922765731811523 0.3585205078125 421 1998
3 Male 3to5 0.0922765731811523 0.3585205078125 421 1999
5 Male 3to5 0.0922765731811523 0.3585205078125 421 2000
1 Male 1 0 0.688232421875 390 1998
1 Male 2 0 0.688232421875 390 1999
2 Male 3to5 0 0.688232421875 390 2000
3 Male 3to5 0 0.688232421875 390 2001
5 Male 3to5 0 0.688232421875 390 2002
6 Male 6plus 0 0.688232421875 390 2003
2 Male 6plus 0 0.688232421875 390 2004
2 Male 1 0.0446243286132812 0.54345703125 351 1998
0 Male 2 0.0446243286132812 0.54345703125 351 1999
1 Male 1 0.0906162261962891 0.374755859375 392 1998
6 Male 1 0.057708740234375 0.41796875 426 1998
5 Male 2 0.057708740234375 0.41796875 426 1999
6 Male 3to5 0.057708740234375 0.41796875 426 2000
2 Male 3to5 0.057708740234375 0.41796875 426 2001
6 Male 3to5 0.057708740234375 0.41796875 426 2002
0 Male 6plus 0.057708740234375 0.41796875 426 2003
1 Male 1 0.07391357421875 0.3330078125 391 1998
1 Male 1 0.071044921875 0.447998046875 393 1998
0 Male 1 0.0485014915466309 0.36669921875 433 1998
0 Male 2 0.0485014915466309 0.36669921875 433 1999
0 Male 1 0.0485014915466309 0.36669921875 434 1998
0 Male 1 0.0768671035766602 0.317138671875 401 1998
1 Male 1 0.0690555572509766 0.3521728515625 428 1998
3 Male 1 0.0476245880126953 0.47802734375 395 1998
2 Male 1 0.0476245880126953 0.47802734375 394 1998
3 Male 2 0.0476245880126953 0.47802734375 394 1999
2 Male 3to5 0.0476245880126953 0.47802734375 394 2000
3 Male 1 0.111124038696289 0.349609375 427 1998
1 Male 1 0.0730819702148438 0.3388671875 352 1998
2 Male 2 0.0730819702148438 0.3388671875 352 1999
0 Male 1 0.0286786556243896 0.4359130859375 432 1998
0 Male 1 0.0768671035766602 0.317138671875 402 1998
0 Male 1 0.0768671035766602 0.317138671875 403 1998
0 Male 2 0.0768671035766602 0.317138671875 403 1999
3 Male 3to5 0.0768671035766602 0.317138671875 403 2000
0 Male 1 0.0335235595703125 0.46826171875 356 1998
0 Male 1 0.0615501403808594 0.309326171875 431 1998
0 Male 1 0.07391357421875 0.3330078125 396 1998
1 Male 2 0.07391357421875 0.3330078125 396 1999
0 Male 1 0.0204010009765625 0.5830078125 278 1998
0 Male 2 0.0204010009765625 0.5830078125 278 1999
0 Male 3to5 0.0204010009765625 0.5830078125 278 2000
0 Male 1 0.0368049144744873 0.4908447265625 486 1999
0 Male 2 0.0368049144744873 0.4908447265625 486 2000
0 Male 1 0.07391357421875 0.3330078125 405 1999
1 Male 2 0.07391357421875 0.3330078125 405 2000
4 Male 3to5 0.07391357421875 0.3330078125 405 2001
1 Male 3to5 0.07391357421875 0.3330078125 405 2002
6 Male 3to5 0.07391357421875 0.3330078125 405 2003
0 Male 1 0.07391357421875 0.3330078125 404 1999
0 Male 2 0.07391357421875 0.3330078125 404 2000
0 Male 1 0.0818996429443359 0.440185546875 406 1999
0 Male 2 0.0818996429443359 0.440185546875 406 2000
0 Male 3to5 0.0818996429443359 0.440185546875 406 2001
0 Male 3to5 0.0818996429443359 0.440185546875 406 2002
5 Male 3to5 0.0818996429443359 0.440185546875 406 2003
2 Male 6plus 0.0818996429443359 0.440185546875 406 2004
0 Male 6plus 0.0818996429443359 0.440185546875 406 2005
0 Male 1 0.110115051269531 0.45947265625 437 1999
0 Male 2 0.110115051269531 0.45947265625 437 2000
0 Male 3to5 0.110115051269531 0.45947265625 437 2001
3 Male 3to5 0.110115051269531 0.45947265625 437 2002
3 Male 3to5 0.110115051269531 0.45947265625 437 2003
0 Male 1 0.105484008789062 0.44775390625 485 1999
0 Male 2 0.105484008789062 0.44775390625 485 2000
0 Male 1 0.0722370147705078 0.455078125 436 1999
3 Male 2 0.0722370147705078 0.455078125 436 2000
3 Male 3to5 0.0722370147705078 0.455078125 436 2001
0 Male 3to5 0.0722370147705078 0.455078125 436 2002
0 Male 1 0.0593023300170898 0.4736328125 438 1999
2 Male 2 0.0593023300170898 0.4736328125 438 2000
0 Male 3to5 0.0593023300170898 0.4736328125 438 2001
8 Male 3to5 0.0593023300170898 0.4736328125 438 2002
0 Male 1 0.0419259071350098 0.4898681640625 435 1999
1 Male 2 0.0419259071350098 0.4898681640625 435 2000
4 Male 3to5 0.0419259071350098 0.4898681640625 435 2001
9 Male 3to5 0.0419259071350098 0.4898681640625 435 2002
6 Male 3to5 0.0419259071350098 0.4898681640625 435 2003
0 Male 1 0.12518310546875 0.490966796875 409 1999
0 Male 1 0 0.70660400390625 459 1999
1 Male 2 0 0.70660400390625 459 2000
0 Male 3to5 0 0.70660400390625 459 2001
2 Male 3to5 0 0.70660400390625 459 2002
13 Male 3to5 0 0.70660400390625 459 2003
4 Male 6plus 0 0.70660400390625 459 2004
8 Male 6plus 0 0.70660400390625 459 2005
9 Male 6plus 0 0.70660400390625 459 2006
0 Male 1 0.0737543106079102 0.403564453125 411 2000
5 Male 2 0.0737543106079102 0.403564453125 411 2001
4 Male 3to5 0.0737543106079102 0.403564453125 411 2002
8 Male 3to5 0.0737543106079102 0.403564453125 411 2003
4 Male 3to5 0.0737543106079102 0.403564453125 411 2004
0 Male 6plus 0.0737543106079102 0.403564453125 411 2005
12 Male 6plus 0.0737543106079102 0.403564453125 411 2006
2 Male 1 0.0633082389831543 0.4593505859375 441 2000
0 Male 2 0.0633082389831543 0.4593505859375 441 2001
7 Male 3to5 0.0633082389831543 0.4593505859375 441 2002
4 Male 3to5 0.0633082389831543 0.4593505859375 441 2003
4 Male 3to5 0.0633082389831543 0.4593505859375 441 2004
6 Male 6plus 0.0633082389831543 0.4593505859375 441 2005
1 Male 1 0 0.716064453125 410 2000
0 Male 1 0.0593023300170898 0.4736328125 440 2000
1 Male 2 0.0593023300170898 0.4736328125 440 2001
0 Male 1 0.100512504577637 0.303955078125 460 2000
1 Male 2 0.100512504577637 0.303955078125 460 2001
7 Male 3to5 0.100512504577637 0.303955078125 460 2002
0 Male 1 0.105484008789062 0.44775390625 488 2000
0 Male 2 0.105484008789062 0.44775390625 488 2001
3 Male 3to5 0.105484008789062 0.44775390625 488 2002
6 Male 1 0 0.71923828125 413 2001
2 Male 2 0 0.71923828125 413 2002
0 Male 1 0.0359458923339844 0.60009765625 283 1994
4 Male 2 0.0359458923339844 0.60009765625 283 1995
3 Male 3to5 0.0359458923339844 0.60009765625 283 1996
11 Male 3to5 0.0359458923339844 0.60009765625 283 1997
0 Male 1 0.0608711242675781 0.44677734375 301 1995
0 Male 2 0.0608711242675781 0.44677734375 301 1996
4 Male 3to5 0.0608711242675781 0.44677734375 301 1997
0 Male 1 0.044464111328125 0.412109375 215 1995
0 Male 2 0.044464111328125 0.412109375 215 1996
2 Male 3to5 0.044464111328125 0.412109375 215 1997
4 Male 3to5 0.044464111328125 0.412109375 215 1998
5 Male 1 0.03564453125 0.52880859375 295 1995
4 Male 2 0.03564453125 0.52880859375 295 1996
7 Male 3to5 0.03564453125 0.52880859375 295 1997
0 Male 1 0.0511970520019531 0.41748046875 306 1995
5 Male 1 0.0239200592041016 0.580078125 296 1995
7 Male 2 0.0239200592041016 0.580078125 296 1996
6 Male 3to5 0.0239200592041016 0.580078125 296 1997
4 Male 3to5 0.0239200592041016 0.580078125 296 1998
3 Male 3to5 0.0239200592041016 0.580078125 296 1999
0 Male 6plus 0.0239200592041016 0.580078125 296 2000
4 Male 6plus 0.0239200592041016 0.580078125 296 2001
4 Male 1 0.056915283203125 0.373046875 297 1995
10 Male 2 0.056915283203125 0.373046875 297 1996
2 Male 1 0.056915283203125 0.373046875 298 1995
3 Male 2 0.056915283203125 0.373046875 298 1996
10 Male 3to5 0.056915283203125 0.373046875 298 1997
9 Male 3to5 0.056915283203125 0.373046875 298 1998
2 Male 1 0.0696029663085938 0.2998046875 261 1995
3 Male 2 0.0696029663085938 0.2998046875 261 1996
0 Male 3to5 0.0696029663085938 0.2998046875 261 1997
2 Male 1 0.0308990478515625 0.3916015625 259 1995
5 Male 2 0.0308990478515625 0.3916015625 259 1996
1 Male 1 0.0597381591796875 0.33154296875 305 1995
0 Male 2 0.0597381591796875 0.33154296875 305 1996
0 Male 1 0.0597381591796875 0.33154296875 308 1995
0 Male 2 0.0597381591796875 0.33154296875 308 1996
0 Male 1 0.0539093017578125 0.38525390625 307 1995
0 Male 1 0.247695922851562 0.22216796875 309 1995
0 Male 1 0.0437221527099609 0.410400390625 358 1995
6 Male 2 0.0437221527099609 0.410400390625 358 1996
0 Male 1 0.0667877197265625 0.29150390625 359 1995
0 Male 2 0.0667877197265625 0.29150390625 359 1996
5 Male 3to5 0.0667877197265625 0.29150390625 359 1997
5 Male 3to5 0.0667877197265625 0.29150390625 359 1998
0 Male 1 0.0931816101074219 0.57958984375 300 1995
4 Male 2 0.0931816101074219 0.57958984375 300 1996
4 Male 3to5 0.0931816101074219 0.57958984375 300 1997
3 Male 1 0.0341796875 0.56640625 153 1995
2 Male 2 0.0341796875 0.56640625 153 1996
0 Male 3to5 0.0341796875 0.56640625 153 1997
0 Male 1 0.102287292480469 0.46826171875 310 1995
0 Male 2 0.102287292480469 0.46826171875 310 1996
2 Male 1 0.0892486572265625 0.36279296875 299 1995
0 Male 1 0.0341796875 0.56640625 154 1995
0 Male 1 0.048858642578125 0.3271484375 266 1995
3 Male 1 0.0653152465820312 0.3720703125 260 1995
1 Male 2 0.0653152465820312 0.3720703125 260 1996
4 Male 3to5 0.0653152465820312 0.3720703125 260 1997
0 Male 3to5 0.0653152465820312 0.3720703125 260 1998
5 Male 1 0.123386383056641 0.37451171875 311 1996
1 Male 2 0.123386383056641 0.37451171875 311 1997
6 Male 3to5 0.123386383056641 0.37451171875 311 1998
0 Male 3to5 0.123386383056641 0.37451171875 311 1999
0 Male 3to5 0.123386383056641 0.37451171875 311 2000
0 Male 1 0.0983409881591797 0.353759765625 375 1996
0 Male 1 0.0983409881591797 0.353759765625 366 1996
3 Male 2 0.0983409881591797 0.353759765625 366 1997
0 Male 1 0.0519485473632812 0.375 326 1996
0 Male 1 0.0519485473632812 0.375 328 1996
0 Male 1 0.0359458923339844 0.60009765625 323 1996
0 Male 1 0.0608711242675781 0.44677734375 312 1996
0 Male 2 0.0608711242675781 0.44677734375 312 1997
0 Male 1 0.0204010009765625 0.5830078125 274 1996
3 Male 1 0.0863990783691406 0.28271484375 363 1996
0 Male 1 0.070556640625 0.59619140625 331 1996
0 Male 1 0.048858642578125 0.3271484375 267 1996
10 Male 2 0.048858642578125 0.3271484375 267 1997
5 Male 3to5 0.048858642578125 0.3271484375 267 1998
2 Male 1 0.0737133026123047 0.2587890625 373 1996
0 Male 1 0.0233306884765625 0.5009765625 237 1994
2 Male 2 0.0233306884765625 0.5009765625 237 1995
0 Male 3to5 0.0233306884765625 0.5009765625 237 1996
6 Male 3to5 0.0233306884765625 0.5009765625 237 1997
0 Male 1 0.0233306884765625 0.5009765625 255 1994
3 Male 1 0.0460052490234375 0.4111328125 280 1994
6 Male 2 0.0460052490234375 0.4111328125 280 1995
5 Male 3to5 0.0460052490234375 0.4111328125 280 1996
0 Male 3to5 0.0460052490234375 0.4111328125 280 1997
2 Male 1 0.127349853515625 0.2451171875 281 1994
9 Male 2 0.127349853515625 0.2451171875 281 1995
5 Male 3to5 0.127349853515625 0.2451171875 281 1996
3 Male 3to5 0.127349853515625 0.2451171875 281 1997
2 Male 3to5 0.127349853515625 0.2451171875 281 1998
2 Male 6plus 0.127349853515625 0.2451171875 281 1999
0 Male 6plus 0.127349853515625 0.2451171875 281 2000
0 Male 6plus 0.127349853515625 0.2451171875 281 2001
1 Male 6plus 0.127349853515625 0.2451171875 281 2002
0 Male 1 0.08282470703125 0.3779296875 293 1994
2 Male 1 0.107315063476562 0.25 357 1994
0 Male 2 0.107315063476562 0.25 357 1995
0 Male 1 0.0864410400390625 0.28662109375 282 1994
3 Male 2 0.0864410400390625 0.28662109375 282 1995
2 Male 3to5 0.0864410400390625 0.28662109375 282 1996
0 Male 3to5 0.0864410400390625 0.28662109375 282 1997
0 Male 1 0.0211639404296875 0.498046875 254 1994
0 Male 1 0.122451782226562 0.32275390625 294 1994
0 Male 2 0.122451782226562 0.32275390625 294 1995
1 Male 1 0 0.7080078125 240 1994
6 Male 2 0 0.7080078125 240 1995
3 Male 3to5 0 0.7080078125 240 1996
5 Male 3to5 0 0.7080078125 240 1997
3 Male 1 0.0211639404296875 0.498046875 239 1994
4 Male 2 0.0211639404296875 0.498046875 239 1995
0 Male 3to5 0.0211639404296875 0.498046875 239 1996
0 Male 1 0.0186843872070312 0.68505859375 284 1994
4 Male 2 0.0186843872070312 0.68505859375 284 1995
8 Male 3to5 0.0186843872070312 0.68505859375 284 1996
0 Male 1 0.12493896484375 0.2548828125 258 1994
3 Male 1 0.0568084716796875 0.3662109375 238 1994
1 Male 1 0.0963134765625 0.46875 164 1994
0 Male 1 0.048858642578125 0.3271484375 257 1994
0 Male 1 0.0233306884765625 0.5009765625 241 1994
3 Male 2 0.0233306884765625 0.5009765625 241 1995
5 Male 3to5 0.0233306884765625 0.5009765625 241 1996
2 Male 3to5 0.0233306884765625 0.5009765625 241 1997
0 Male 1 0.0233306884765625 0.5009765625 256 1994
0 Male 1 0.0633082389831543 0.4593505859375 444 2001
4 Male 2 0.0633082389831543 0.4593505859375 444 2002
0 Male 1 0.0846147537231445 0.434234619140625 490 2001
1 Male 2 0.0846147537231445 0.434234619140625 490 2002
1 Male 3to5 0.0846147537231445 0.434234619140625 490 2003
2 Male 3to5 0.0846147537231445 0.434234619140625 490 2004
5 Male 3to5 0.0846147537231445 0.434234619140625 490 2005
0 Male 1 0 0.708740234375 414 2001
0 Male 2 0 0.708740234375 414 2002
2 Male 3to5 0 0.708740234375 414 2003
10 Male 3to5 0 0.708740234375 414 2004
1 Male 3to5 0 0.708740234375 414 2005
3 Male 6plus 0 0.708740234375 414 2006
0 Male 1 0.0419259071350098 0.4898681640625 443 2001
6 Male 2 0.0419259071350098 0.4898681640625 443 2002
11 Male 3to5 0.0419259071350098 0.4898681640625 443 2003
4 Male 1 0.0804681777954102 0.42352294921875 464 2002
6 Male 1 0.0419259071350098 0.4898681640625 446 2002
7 Male 2 0.0419259071350098 0.4898681640625 446 2003
3 Male 1 0.0419259071350098 0.4898681640625 448 2002
5 Male 1 0 0.73431396484375 483 2006
17 Male 2 0 0.73431396484375 483 2007
8 Male 3to5 0 0.73431396484375 483 2008
7 Male 3to5 0 0.73431396484375 483 2009
18 Male 3to5 0 0.73431396484375 483 2010
10 Male 6plus 0 0.73431396484375 483 2011
4 Male 6plus 0 0.73431396484375 483 2012
5 Male 1 0 0.73431396484375 484 2006
11 Male 1 0.0651671886444092 0.520858764648438 566 2006
21 Male 2 0.0651671886444092 0.520858764648438 566 2007
4 Male 3to5 0.0651671886444092 0.520858764648438 566 2008
1 Male 3to5 0.0651671886444092 0.520858764648438 566 2009
3 Male 3to5 0.0651671886444092 0.520858764648438 566 2010
0 Male 6plus 0.0651671886444092 0.520858764648438 566 2011
0 Male 1 0.0600136518478394 0.4326171875 525 2002
4 Male 2 0.0600136518478394 0.4326171875 525 2003
4 Male 1 0.0335774421691895 0.58056640625 453 2003
2 Male 2 0.0335774421691895 0.58056640625 453 2004
1 Male 1 0 0.689208984375 497 2003
14 Male 2 0 0.689208984375 497 2004
12 Male 3to5 0 0.689208984375 497 2005
4 Male 1 0 0.689208984375 500 2003
7 Male 2 0 0.689208984375 500 2004
6 Male 3to5 0 0.689208984375 500 2005
0 Male 1 0.0864404439926147 0.48175048828125 474 2003
2 Male 2 0.0864404439926147 0.48175048828125 474 2004
6 Male 3to5 0.0864404439926147 0.48175048828125 474 2005
2 Male 1 0.0621376037597656 0.44903564453125 476 2003
3 Male 1 0.047682523727417 0.4686279296875 447 2002
0 Male 2 0.047682523727417 0.4686279296875 447 2003
8 Male 3to5 0.047682523727417 0.4686279296875 447 2004
16 Male 3to5 0.047682523727417 0.4686279296875 447 2005
0 Male 1 0.256876945495605 0.71923828125 449 2002
0 Male 2 0.256876945495605 0.71923828125 449 2003
0 Male 3to5 0.256876945495605 0.71923828125 449 2004
0 Male 3to5 0.256876945495605 0.71923828125 449 2005
0 Male 3to5 0.256876945495605 0.71923828125 449 2006
0 Male 1 0.0826640725135803 0.451416015625 524 2002
0 Male 1 0.106948137283325 0.33056640625 492 2002
3 Male 2 0.106948137283325 0.33056640625 492 2003
5 Male 3to5 0.106948137283325 0.33056640625 492 2004
3 Male 3to5 0.106948137283325 0.33056640625 492 2005
2 Male 3to5 0.106948137283325 0.33056640625 492 2006
6 Male 1 0.0335774421691895 0.58056640625 452 2003
8 Male 2 0.0335774421691895 0.58056640625 452 2004
15 Male 3to5 0.0335774421691895 0.58056640625 452 2005
8 Male 3to5 0.0335774421691895 0.58056640625 452 2006
1 Male 1 0.0392484664916992 0.55987548828125 502 2003
0 Male 2 0.0392484664916992 0.55987548828125 502 2004
11 Male 3to5 0.0392484664916992 0.55987548828125 502 2005
4 Male 1 0.0392484664916992 0.55987548828125 501 2003
0 Male 2 0.0392484664916992 0.55987548828125 501 2004
6 Male 1 0.0864404439926147 0.48175048828125 475 2003
11 Male 1 0.0386239290237427 0.57513427734375 498 2003
3 Male 2 0.0386239290237427 0.57513427734375 498 2004
2 Male 3to5 0.0386239290237427 0.57513427734375 498 2005
5 Male 1 0.0670806169509888 0.474884033203125 499 2003
3 Male 2 0.0670806169509888 0.474884033203125 499 2004
5 Male 3to5 0.0670806169509888 0.474884033203125 499 2005
3 Male 3to5 0.0670806169509888 0.474884033203125 499 2006
0 Male 1 0.0542196035385132 0.49041748046875 473 2003
3 Male 2 0.0542196035385132 0.49041748046875 473 2004
4 Male 3to5 0.0542196035385132 0.49041748046875 473 2005
7 Male 3to5 0.0542196035385132 0.49041748046875 473 2006
3 Male 1 0.0766803622245789 0.474746704101562 530 2004
9 Male 2 0.0766803622245789 0.474746704101562 530 2005
15 Male 3to5 0.0766803622245789 0.474746704101562 530 2006
0 Male 1 0.0450029373168945 0.5511474609375 507 2004
0 Male 1 0.0514075756072998 0.44482421875 532 2004
9 Male 2 0.0514075756072998 0.44482421875 532 2005
0 Male 1 0.0514075756072998 0.44482421875 529 2004
3 Male 1 0.0584049671888351 0.553825378417969 556 2004
6 Male 2 0.0584049671888351 0.553825378417969 556 2005
0 Male 1 0.0372401624917984 0.589813232421875 531 2004
8 Male 2 0.0372401624917984 0.589813232421875 531 2005
0 Male 1 0.0834315866231918 0.47064208984375 558 2004
1 Male 2 0.0834315866231918 0.47064208984375 558 2005
0 Male 1 0.125 0.779937744140625 533 2004
0 Male 1 0.0580056756734848 0.50494384765625 557 2004
0 Male 2 0.0580056756734848 0.50494384765625 557 2005
2 Male 1 0.0350514501333237 0.599395751953125 539 2005
6 Male 2 0.0350514501333237 0.599395751953125 539 2006
7 Male 3to5 0.0350514501333237 0.599395751953125 539 2007
1 Male 3to5 0.0350514501333237 0.599395751953125 539 2008
11 Male 3to5 0.0350514501333237 0.599395751953125 539 2009
6 Male 6plus 0.0350514501333237 0.599395751953125 539 2010
0 Male 1 0.0450029373168945 0.5511474609375 511 2005
2 Male 2 0.0450029373168945 0.5511474609375 511 2006
0 Male 1 0.0353802144527435 0.582366943359375 542 2005
0 Male 1 0.0328214168548584 0.6748046875 540 2005
8 Male 2 0.0328214168548584 0.6748046875 540 2006
4 Male 1 0.060905933380127 0.58953857421875 537 2005
7 Male 1 0.060905933380127 0.58953857421875 538 2005
4 Male 2 0.060905933380127 0.58953857421875 538 2006
15 Male 3to5 0.060905933380127 0.58953857421875 538 2007
6 Male 3to5 0.060905933380127 0.58953857421875 538 2008
0 Male 1 0.0372401624917984 0.589813232421875 536 2005
0 Male 1 0.0701991282403469 0.564842224121094 561 2005
8 Male 2 0.0701991282403469 0.564842224121094 561 2006
0 Male 1 0.0335411354899406 0.579010009765625 559 2005
3 Male 2 0.0335411354899406 0.579010009765625 559 2006
4 Male 3to5 0.0335411354899406 0.579010009765625 559 2007
12 Male 3to5 0.0335411354899406 0.579010009765625 559 2008
4 Male 3to5 0.0335411354899406 0.579010009765625 559 2009
9 Male 6plus 0.0335411354899406 0.579010009765625 559 2010
3 Male 6plus 0.0335411354899406 0.579010009765625 559 2011
3 Male 6plus 0.0335411354899406 0.579010009765625 559 2012
6 Male 1 0.0542196035385132 0.49041748046875 482 2005
3 Male 2 0.0542196035385132 0.49041748046875 482 2006
0 Male 1 0.0361164808273315 0.603057861328125 513 2005
0 Male 1 0.119456693530083 0.482582092285156 560 2005
4 Male 2 0.119456693530083 0.482582092285156 560 2006
21 Male 3to5 0.119456693530083 0.482582092285156 560 2007
3 Male 3to5 0.119456693530083 0.482582092285156 560 2008
0 Male 1 0.0534007400274277 0.525009155273438 541 2005
0 Male 1 0.0373613834381104 0.566131591796875 512 2005
3 Male 1 0 0.8441162109375 455 2005
0 Male 1 0.0826228782534599 0.449913024902344 562 2005
7 Male 1 0.0826228782534599 0.449913024902344 563 2005
2 Male 1 0.0446923784911633 0.565547943115234 585 2005
8 Male 2 0.0446923784911633 0.565547943115234 585 2006
1 Male 1 0.0446923784911633 0.565547943115234 584 2005
9 Male 2 0.0446923784911633 0.565547943115234 584 2006
3 Male 3to5 0.0446923784911633 0.565547943115234 584 2007
5 Male 1 0.0743110696785152 0.505186080932617 612 2006
11 Male 2 0.0743110696785152 0.505186080932617 612 2007
8 Male 3to5 0.0743110696785152 0.505186080932617 612 2008
4 Male 3to5 0.0743110696785152 0.505186080932617 612 2009
9 Male 3to5 0.0743110696785152 0.505186080932617 612 2010
7 Male 1 0.0235463529825211 0.638839721679688 548 2006
18 Male 2 0.0235463529825211 0.638839721679688 548 2007
5 Male 3to5 0.0235463529825211 0.638839721679688 548 2008
2 Male 1 0.0394054055213928 0.571075439453125 519 2006
0 Male 1 0.0450029373168945 0.5511474609375 518 2006
1 Male 1 0 0.794769287109375 567 2006
3 Male 1 0.0684471540153027 0.459854125976562 565 2006
15 Male 1 0.0727810682728887 0.518424987792969 590 2007
14 Male 2 0.0727810682728887 0.518424987792969 590 2008
3 Male 1 0.0512042324990034 0.588630676269531 628 2009
0 Male 1 0.168542074970901 0.541228294372559 648 2009
8 Male 2 0.168542074970901 0.541228294372559 648 2010
8 Male 3to5 0.168542074970901 0.541228294372559 648 2011
6 Male 3to5 0.168542074970901 0.541228294372559 648 2012
5 Male 3to5 0.168542074970901 0.541228294372559 648 2013
0 Male 1 0.0589248407632113 0.580976486206055 630 2009
15 Male 2 0.0589248407632113 0.580976486206055 630 2010
3 Male 1 0.0846765440364834 0.584803581237793 647 2009
15 Male 2 0.0846765440364834 0.584803581237793 647 2010
12 Male 3to5 0.0846765440364834 0.584803581237793 647 2011
10 Male 3to5 0.0846765440364834 0.584803581237793 647 2012
0 Male 1 0.0727810682728887 0.518424987792969 607 2009
13 Male 1 0.107503639534116 0.610805511474609 589 2007
11 Male 2 0.107503639534116 0.610805511474609 589 2008
10 Male 3to5 0.107503639534116 0.610805511474609 589 2009
11 Male 1 0.0935814464464784 0.519432067871094 592 2007
7 Male 2 0.0935814464464784 0.519432067871094 592 2008
2 Male 1 0.0643822802230716 0.621307373046875 591 2007
6 Male 2 0.0643822802230716 0.621307373046875 591 2008
10 Male 1 0.118462351500057 0.565536499023438 651 2010
5 Male 1 0 0.805402755737305 633 2010
2 Male 1 0.0673741963692009 0.542844772338867 615 2008
1 Male 2 0.0673741963692009 0.542844772338867 615 2009
6 Male 3to5 0.0673741963692009 0.542844772338867 615 2010
2 Male 1 0.104563997127116 0.547362327575684 640 2008
2 Male 1 0.0727810682728887 0.518424987792969 596 2008
2 Male 2 0.0727810682728887 0.518424987792969 596 2009
6 Male 3to5 0.0727810682728887 0.518424987792969 596 2010
0 Male 1 0.0858993791043758 0.59088134765625 580 2008
3 Male 2 0.0858993791043758 0.59088134765625 580 2009
2 Male 1 0.0648701647296548 0.582424163818359 600 2008
0 Male 1 0.0473988670855761 0.692222595214844 595 2008
3 Male 1 0.116403465624899 0.471218109130859 601 2008
6 Male 2 0.116403465624899 0.471218109130859 601 2009
5 Male 3to5 0.116403465624899 0.471218109130859 601 2010
7 Male 1 0.0512042324990034 0.588630676269531 618 2008
1 Male 1 0.0589248407632113 0.580976486206055 616 2008
0 Male 2 0.0589248407632113 0.580976486206055 616 2009
0 Male 3to5 0.0589248407632113 0.580976486206055 616 2010
5 Male 1 0.0705978269688785 0.638744354248047 597 2008
7 Male 1 0.0244255363941193 0.655792236328125 522 2008
17 Male 2 0.0244255363941193 0.655792236328125 522 2009
10 Male 3to5 0.0244255363941193 0.655792236328125 522 2010
3 Male 3to5 0.0244255363941193 0.655792236328125 522 2011
0 Male 1 0.0673741963692009 0.542844772338867 619 2008
5 Male 2 0.0673741963692009 0.542844772338867 619 2009
5 Male 3to5 0.0673741963692009 0.542844772338867 619 2010
4 Male 1 0.105039894580841 0.539558410644531 614 2008
10 Male 2 0.105039894580841 0.539558410644531 614 2009
6 Male 1 0.0691130748018622 0.590641021728516 598 2008
7 Male 2 0.0691130748018622 0.590641021728516 598 2009
2 Male 1 0.00869789719581604 0.789215087890625 521 2008
13 Male 2 0.00869789719581604 0.789215087890625 521 2009
6 Male 3to5 0.00869789719581604 0.789215087890625 521 2010
4 Male 1 0.0557580385357141 0.5806884765625 599 2008
2 Male 2 0.0557580385357141 0.5806884765625 599 2009
5 Male 1 0.115995996631682 0.598823547363281 617 2008
4 Male 2 0.115995996631682 0.598823547363281 617 2009
8 Male 3to5 0.115995996631682 0.598823547363281 617 2010
6 Male 3to5 0.115995996631682 0.598823547363281 617 2011
5 Male 3to5 0.115995996631682 0.598823547363281 617 2012
2 Male 1 0.14259051917179 0.5263352394104 671 2009
6 Male 2 0.14259051917179 0.5263352394104 671 2010
5 Male 3to5 0.14259051917179 0.5263352394104 671 2011
0 Male 3to5 0.14259051917179 0.5263352394104 671 2012
2 Male 1 0.102298094047001 0.565737724304199 646 2009
10 Male 2 0.102298094047001 0.565737724304199 646 2010
12 Male 3to5 0.102298094047001 0.565737724304199 646 2011
0 Male 1 0.0618309983983636 0.621307373046875 627 2009
0 Male 1 0.0618309983983636 0.621307373046875 629 2009
2 Male 1 0.114241530998697 0.55694317817688 738 2012
1 Male 2 0.114241530998697 0.55694317817688 738 2013
6 Male 3to5 0.114241530998697 0.55694317817688 738 2014
4 Male 3to5 0.114241530998697 0.55694317817688 738 2015
7 Male 1 0.0585696307898615 0.611093521118164 726 2012
0 Male 1 0.0585696307898615 0.611093521118164 729 2012
2 Male 2 0.0585696307898615 0.611093521118164 729 2013
6 Male 3to5 0.0585696307898615 0.611093521118164 729 2014
7 Male 1 0.0585696307898615 0.611093521118164 731 2012
2 Male 1 0.0259108410682529 0.651979207992554 722 2012
5 Male 2 0.0259108410682529 0.651979207992554 722 2013
0 Male 1 0.0259108410682529 0.651979207992554 739 2012
0 Male 1 0.0259108410682529 0.651979207992554 723 2012
6 Male 2 0.0259108410682529 0.651979207992554 723 2013
0 Male 1 0.107348482495127 0.577930927276611 768 2012
6 Male 2 0.107348482495127 0.577930927276611 768 2013
0 Male 1 0.107348482495127 0.577930927276611 770 2012
4 Male 1 0.0927223639155272 0.578585624694824 667 2012
4 Male 2 0.0927223639155272 0.578585624694824 667 2013
7 Male 3to5 0.0927223639155272 0.578585624694824 667 2014
0 Male 1 0 0.792401790618896 701 2012
6 Male 2 0 0.792401790618896 701 2013
2 Male 3to5 0 0.792401790618896 701 2014
2 Male 3to5 0 0.792401790618896 701 2015
2 Male 1 0 0.792401790618896 699 2012
3 Male 1 0.0806521859958593 0.611916065216064 732 2012
9 Male 2 0.0806521859958593 0.611916065216064 732 2013
6 Male 3to5 0.0806521859958593 0.611916065216064 732 2014
8 Male 3to5 0.0806521859958593 0.611916065216064 732 2015
2 Male 1 0.0806521859958593 0.611916065216064 730 2012
6 Male 1 0 0.795440673828125 611 2012
3 Male 2 0 0.795440673828125 611 2013
0 Male 1 0.103553821449168 0.628198385238647 737 2012
2 Male 1 0 0.792401790618896 710 2013
5 Male 1 0.201211399282329 0.531766891479492 649 2010
3 Male 1 0.201211399282329 0.531766891479492 650 2010
6 Male 1 0.0360057957004756 0.685333728790283 675 2010
6 Male 1 0.127941379367257 0.569644451141357 676 2010
5 Male 1 0.0660077165812254 0.585399627685547 609 2010
0 Male 2 0.0660077165812254 0.585399627685547 609 2011
6 Male 3to5 0.0660077165812254 0.585399627685547 609 2012
3 Male 1 0.032301667612046 0.630324602127075 716 2010
0 Male 1 0.100540395418648 0.569121837615967 674 2010
0 Male 2 0.100540395418648 0.569121837615967 674 2011
1 Male 3to5 0.100540395418648 0.569121837615967 674 2012
4 Male 1 0.100540395418648 0.569121837615967 678 2010
4 Male 2 0.100540395418648 0.569121837615967 678 2011
5 Male 3to5 0.100540395418648 0.569121837615967 678 2012
1 Male 3to5 0.100540395418648 0.569121837615967 678 2013
1 Male 1 0.0933343976066681 0.573092937469482 677 2010
0 Male 2 0.0933343976066681 0.573092937469482 677 2011
0 Male 1 0.0314386857207865 0.692773818969727 634 2010
7 Male 1 0.0314386857207865 0.692773818969727 635 2010
4 Male 1 0.0801020768412855 0.550596237182617 652 2010
1 Male 1 0.136436674278229 0.58992862701416 653 2010
0 Male 1 0.0757225276902318 0.578208923339844 689 2011
6 Male 2 0.0757225276902318 0.578208923339844 689 2012
8 Male 1 0.066316678217845 0.645246505737305 688 2011
0 Male 1 0.0561070183757693 0.740994453430176 663 2011
3 Male 2 0.0561070183757693 0.740994453430176 663 2012
2 Male 3to5 0.0561070183757693 0.740994453430176 663 2013
10 Male 1 0.0707615214341786 0.618446588516235 718 2011
10 Male 2 0.0707615214341786 0.618446588516235 718 2012
1 Male 1 0.0426025707274675 0.653820037841797 639 2011
8 Male 2 0.0426025707274675 0.653820037841797 639 2012
2 Male 3to5 0.0426025707274675 0.653820037841797 639 2013
3 Male 1 0.0493682775631896 0.661246538162231 720 2011
2 Male 2 0.0493682775631896 0.661246538162231 720 2012
4 Male 3to5 0.0493682775631896 0.661246538162231 720 2013
9 Male 3to5 0.0493682775631896 0.661246538162231 720 2014
2 Male 1 0.0771850612800336 0.553785800933838 684 2011
1 Male 2 0.0771850612800336 0.553785800933838 684 2012
6 Male 3to5 0.0771850612800336 0.553785800933838 684 2013
3 Male 3to5 0.0771850612800336 0.553785800933838 684 2014
7 Male 3to5 0.0771850612800336 0.553785800933838 684 2015
0 Male 1 0.0771850612800336 0.553785800933838 687 2011
5 Male 2 0.0771850612800336 0.553785800933838 687 2012
2 Male 1 0.0308098409732338 0.740986704826355 799 2015
3 Male 1 0.100342455461941 0.700052320957184 807 2015
0 Male 1 0.170935052912682 0.567975521087646 690 2011
3 Male 2 0.170935052912682 0.567975521087646 690 2012
1 Male 1 0.100776398394373 0.578958511352539 692 2011
5 Male 2 0.100776398394373 0.578958511352539 692 2012
7 Male 3to5 0.100776398394373 0.578958511352539 692 2013
6 Male 3to5 0.100776398394373 0.578958511352539 692 2014
0 Male 1 0.152768182830187 0.564016103744507 719 2011
1 Male 2 0.152768182830187 0.564016103744507 719 2012
2 Male 1 0.0408054559957236 0.680322170257568 683 2011
0 Male 1 0.0640326328575611 0.697151184082031 610 2011
3 Male 2 0.0640326328575611 0.697151184082031 610 2012
3 Male 3to5 0.0640326328575611 0.697151184082031 610 2013
15 Male 3to5 0.0640326328575611 0.697151184082031 610 2014
14 Male 3to5 0.0640326328575611 0.697151184082031 610 2015
3 Male 1 0.0801020768412855 0.550596237182617 662 2011
2 Male 2 0.0801020768412855 0.550596237182617 662 2012
3 Male 1 0.0777080935658887 0.569943428039551 664 2011
4 Male 1 0.0680520935129607 0.60060453414917 685 2011
8 Male 2 0.0680520935129607 0.60060453414917 685 2012
3 Male 3to5 0.0680520935129607 0.60060453414917 685 2013
0 Male 1 0 0.792401790618896 691 2011
4 Male 1 0.0525271317428633 0.674672484397888 775 2013
6 Male 2 0.0525271317428633 0.674672484397888 775 2014
7 Male 1 0 0.784822225570679 762 2014
6 Male 1 0.115768195030796 0.565709471702576 791 2014
6 Male 2 0.115768195030796 0.565709471702576 791 2015
1 Male 1 0.115768195030796 0.565709471702576 787 2014
3 Male 1 0.0713440426989109 0.680680990219116 763 2014
11 Male 2 0.0713440426989109 0.680680990219116 763 2015
0 Male 1 0.0358800253311529 0.707573413848877 786 2014
4 Male 2 0.0358800253311529 0.707573413848877 786 2015
5 Male 1 0.0660304763459862 0.615282416343689 785 2014
0 Male 1 0.114455667518087 0.66005539894104 788 2014
4 Male 2 0.114455667518087 0.66005539894104 788 2015
0 Male 1 0.0876775004912815 0.614175498485565 802 2014
0 Male 1 0.148312399970337 0.58840149641037 803 2014
14 Male 2 0.148312399970337 0.58840149641037 803 2015
0 Male 1 0.148312399970337 0.58840149641037 805 2014
3 Male 1 0 0.776230216026306 789 2014
0 Male 1 0.0358800253311529 0.707573413848877 793 2014
7 Male 2 0.0358800253311529 0.707573413848877 793 2015
0 Male 1 0.0358800253311529 0.707573413848877 792 2014
5 Male 1 0.114980940959867 0.594839572906494 790 2014
8 Male 2 0.114980940959867 0.594839572906494 790 2015
0 Male 1 0.109574821683054 0.566185712814331 764 2014
0 Male 1 0.0584232234905357 0.659579277038574 800 2015
2 Male 1 0.0863918846328033 0.608844339847565 806 2015
6 Male 1 0.14259051917179 0.5263352394104 686 2011
5 Male 2 0.14259051917179 0.5263352394104 686 2012
3 Male 1 0.0595095092430711 0.734768629074097 733 2012
0 Male 1 0.308628649137972 0.60060453414917 736 2012
0 Male 1 0.0818473374238238 0.548752307891846 700 2012
0 Male 2 0.0818473374238238 0.548752307891846 700 2013
3 Male 1 0.0259108410682529 0.651979207992554 725 2012
7 Male 2 0.0259108410682529 0.651979207992554 725 2013
5 Male 3to5 0.0259108410682529 0.651979207992554 725 2014
0 Male 1 0.0826197068672627 0.568960189819336 668 2012
7 Male 2 0.0826197068672627 0.568960189819336 668 2013
3 Male 1 0.0826197068672627 0.568960189819336 666 2012
1 Male 2 0.0826197068672627 0.568960189819336 666 2013
6 Male 3to5 0.0826197068672627 0.568960189819336 666 2014
5 Male 1 0.0585696307898615 0.611093521118164 728 2012
5 Male 2 0.0585696307898615 0.611093521118164 728 2013
10 Male 3to5 0.0585696307898615 0.611093521118164 728 2014
3 Male 1 0.0585696307898615 0.611093521118164 724 2012
1 Male 1 0.148752804270771 0.559906959533691 698 2012
3 Male 2 0.148752804270771 0.559906959533691 698 2013
1 Male 3to5 0.148752804270771 0.559906959533691 698 2014
3 Male 3to5 0.148752804270771 0.559906959533691 698 2015
1 Male 1 0 0.7631676197052 735 2012
6 Male 2 0 0.7631676197052 735 2013
5 Male 3to5 0 0.7631676197052 735 2014
3 Male 3to5 0 0.7631676197052 735 2015
3 Male 1 0.137505148886703 0.619916081428528 769 2012
0 Male 1 0.137505148886703 0.619916081428528 771 2012
7 Male 2 0.137505148886703 0.619916081428528 771 2013
1 Male 1 0.101958008934162 0.6141197681427 727 2012
1 Male 1 0.129488928449064 0.571770668029785 734 2012
1 Male 2 0.129488928449064 0.571770668029785 734 2013
0 Male 1 0.112153572172247 0.565363168716431 751 2013
1 Male 1 0.142688085397822 0.576881885528564 711 2013
2 Male 1 0.0825934675922326 0.571430206298828 776 2013
0 Male 1 0.308628649137972 0.60060453414917 754 2013
0 Male 1 0.086494202132144 0.631536364555359 777 2013
3 Male 2 0.086494202132144 0.631536364555359 777 2014
0 Male 1 0 0.792401790618896 712 2013
2 Male 1 0.114241530998697 0.55694317817688 750 2013
0 Male 1 0.0259108410682529 0.651979207992554 753 2013
0 Male 1 0.0260621042089042 0.766698122024536 752 2013
13 Male 2 0.0260621042089042 0.766698122024536 752 2014
0 Male 1 0.039813040260924 0.703000068664551 779 2013
0 Male 2 0.039813040260924 0.703000068664551 779 2014
0 Male 3to5 0.039813040260924 0.703000068664551 779 2015
0 Male 1 0.111287746589369 0.591432094573975 778 2013
