survive sex ageCat f_coeff immGG id year
0 Female 1 0 0.4716796875 249 1994
0 Male 1 0.03125 0.375 253 1994
1 Male 1 0.0107421875 0.4677734375 225 1994
1 Male 1 0.036407470703125 0.576171875 220 1994
0 Female 1 0.036407470703125 0.576171875 227 1994
0 Male 1 0.036407470703125 0.576171875 257 1994
1 Female 1 0.051055908203125 0.1923828125 248 1994
1 Female 1 0.0225982666015625 0.517578125 232 1994
0 Female 1 0.1014404296875 0.373046875 228 1994
0 Female 1 0.0957870483398438 0.2529296875 236 1994
0 Female 1 0.0548763275146484 0.40283203125 241 1994
1 Male 1 0.0359458923339844 0.60009765625 224 1994
1 Female 1 0.0597381591796875 0.33154296875 234 1994
0 Female 1 0.12493896484375 0.2548828125 243 1994
1 Male 1 0.0233306884765625 0.5009765625 213 1994
0 Male 1 0.0233306884765625 0.5009765625 254 1994
1 Male 1 0.0460052490234375 0.4111328125 215 1994
1 Male 1 0.127349853515625 0.2451171875 218 1994
0 Male 1 0.08282470703125 0.3779296875 251 1994
0 Female 1 0.08282470703125 0.3779296875 230 1994
1 Male 1 0.107315063476562 0.25 221 1994
1 Female 1 0.051055908203125 0.1923828125 238 1994
1 Female 1 0.021484375 0.3671875 246 1994
1 Female 1 0.152156829833984 0.43701171875 244 1994
1 Male 1 0.0864410400390625 0.28662109375 222 1994
0 Male 1 0.0211639404296875 0.498046875 250 1994
1 Male 1 0.122451782226562 0.32275390625 252 1994
0 Female 1 0.122451782226562 0.32275390625 237 1994
1 Male 1 0 0.7080078125 217 1994
1 Female 1 0 0.79296875 235 1994
1 Female 1 0.048492431640625 0.458984375 229 1994
1 Male 1 0.0211639404296875 0.498046875 216 1994
0 Female 1 0.074737548828125 0.3701171875 242 1994
1 Male 1 0.0186843872070312 0.68505859375 226 1994
0 Male 1 0.12493896484375 0.2548828125 258 1994
1 Female 1 0.21136474609375 0.1396484375 231 1994
0 Male 1 0.0568084716796875 0.3662109375 214 1994
1 Female 1 0.0597381591796875 0.33154296875 239 1994
0 Male 1 0.0963134765625 0.46875 219 1994
0 Female 1 0.040802001953125 0.3759765625 245 1994
0 Male 1 0.048858642578125 0.3271484375 256 1994
0 Female 1 0.03564453125 0.52880859375 247 1994
1 Female 1 0.0864410400390625 0.28662109375 233 1994
1 Female 1 0.106719970703125 0.2724609375 240 1994
1 Male 1 0.0233306884765625 0.5009765625 223 1994
0 Male 1 0.0233306884765625 0.5009765625 255 1994
1 Male 2 0.0107421875 0.4677734375 225 1995
0 Male 2 0.036407470703125 0.576171875 220 1995
1 Female 2 0.051055908203125 0.1923828125 248 1995
0 Female 2 0.0225982666015625 0.517578125 232 1995
1 Male 2 0.0359458923339844 0.60009765625 224 1995
1 Female 2 0.0597381591796875 0.33154296875 234 1995
1 Male 1 0.0608711242675781 0.44677734375 271 1995
1 Female 1 0.0107421875 0.564453125 279 1995
1 Female 1 0.0233306884765625 0.5009765625 273 1995
0 Female 1 0.0204010009765625 0.5830078125 275 1995
0 Female 1 0.0227279663085938 0.472412109375 278 1995
1 Male 1 0.044464111328125 0.412109375 272 1995
1 Female 1 0.040802001953125 0.3759765625 274 1995
1 Male 1 0.03564453125 0.52880859375 259 1995
0 Male 1 0.0511970520019531 0.41748046875 283 1995
1 Male 1 0.0239200592041016 0.580078125 260 1995
0 Female 1 0.0359458923339844 0.60009765625 277 1995
1 Male 1 0.056915283203125 0.373046875 261 1995
1 Male 1 0.056915283203125 0.373046875 262 1995
1 Female 1 0.110004425048828 0.25341796875 276 1995
1 Male 1 0.0696029663085938 0.2998046875 270 1995
1 Male 1 0.0308990478515625 0.3916015625 263 1995
1 Male 1 0.0597381591796875 0.33154296875 282 1995
1 Male 1 0.0597381591796875 0.33154296875 286 1995
0 Male 1 0.0539093017578125 0.38525390625 285 1995
0 Male 1 0.247695922851562 0.22216796875 287 1995
1 Male 1 0.0437221527099609 0.410400390625 264 1995
1 Male 1 0.0667877197265625 0.29150390625 265 1995
1 Female 1 0.0667877197265625 0.29150390625 280 1995
1 Male 1 0.0931816101074219 0.57958984375 269 1995
1 Male 1 0.0341796875 0.56640625 266 1995
1 Male 1 0.102287292480469 0.46826171875 288 1995
0 Male 1 0.0892486572265625 0.36279296875 267 1995
0 Male 1 0.0341796875 0.56640625 284 1995
0 Male 1 0.048858642578125 0.3271484375 289 1995
1 Male 1 0.0653152465820312 0.3720703125 268 1995
0 Female 1 0.162361145019531 0.404296875 281 1995
1 Male 2 0.0233306884765625 0.5009765625 213 1995
1 Male 2 0.0460052490234375 0.4111328125 215 1995
1 Male 2 0.127349853515625 0.2451171875 218 1995
0 Male 2 0.107315063476562 0.25 221 1995
0 Female 2 0.051055908203125 0.1923828125 238 1995
0 Female 2 0.021484375 0.3671875 246 1995
1 Female 2 0.152156829833984 0.43701171875 244 1995
1 Male 2 0.0864410400390625 0.28662109375 222 1995
0 Male 2 0.122451782226562 0.32275390625 252 1995
1 Male 2 0 0.7080078125 217 1995
1 Female 2 0 0.79296875 235 1995
1 Female 2 0.048492431640625 0.458984375 229 1995
1 Male 2 0.0211639404296875 0.498046875 216 1995
1 Male 2 0.0186843872070312 0.68505859375 226 1995
1 Female 2 0.21136474609375 0.1396484375 231 1995
1 Female 2 0.0597381591796875 0.33154296875 239 1995
1 Female 2 0.0864410400390625 0.28662109375 233 1995
1 Female 2 0.106719970703125 0.2724609375 240 1995
1 Male 2 0.0233306884765625 0.5009765625 223 1995
1 Male 3to5 0.0107421875 0.4677734375 225 1996
0 Male 1 0.0807380676269531 0.28515625 296 1996
1 Male 1 0.0807380676269531 0.28515625 304 1996
1 Male 1 0.0550155639648438 0.4384765625 302 1996
0 Male 1 0.0712890625 0.4765625 295 1996
1 Female 1 0.0828323364257812 0.37158203125 319 1996
0 Male 1 0.056915283203125 0.373046875 337 1996
1 Female 1 0.0618896484375 0.38525390625 316 1996
0 Female 1 0.0718917846679688 0.4921875 320 1996
1 Male 1 0.044464111328125 0.412109375 301 1996
1 Male 1 0.044464111328125 0.412109375 300 1996
0 Male 1 0.0565395355224609 0.341064453125 330 1996
0 Male 1 0.0565395355224609 0.341064453125 292 1996
0 Female 1 0.0565395355224609 0.341064453125 307 1996
0 Male 1 0.0335235595703125 0.46826171875 326 1996
0 Male 1 0 0.51806640625 329 1996
0 Male 1 0.056640625 0.4453125 332 1996
0 Female 1 0.0233306884765625 0.5009765625 318 1996
0 Female 1 0.030487060546875 0.37646484375 322 1996
1 Female 1 0.075439453125 0.47705078125 314 1996
0 Male 1 0.0802040100097656 0.549072265625 335 1996
0 Male 1 0.0718917846679688 0.4921875 327 1996
0 Female 1 0.0463676452636719 0.4140625 308 1996
1 Male 1 0.0463676452636719 0.4140625 298 1996
1 Female 1 0.0386123657226562 0.3505859375 315 1996
1 Female 1 0.0308990478515625 0.3916015625 317 1996
0 Male 1 0.0214776992797852 0.480712890625 325 1996
0 Male 1 0.0214776992797852 0.480712890625 334 1996
1 Female 1 0.056915283203125 0.373046875 312 1996
0 Male 1 0.056915283203125 0.373046875 338 1996
1 Male 1 0.0646266937255859 0.450927734375 303 1996
1 Female 3to5 0.051055908203125 0.1923828125 248 1996
1 Male 3to5 0.0359458923339844 0.60009765625 224 1996
1 Female 3to5 0.0597381591796875 0.33154296875 234 1996
1 Male 2 0.0608711242675781 0.44677734375 271 1996
1 Female 2 0.0107421875 0.564453125 279 1996
1 Female 2 0.0233306884765625 0.5009765625 273 1996
1 Male 2 0.044464111328125 0.412109375 272 1996
1 Female 2 0.040802001953125 0.3759765625 274 1996
1 Male 2 0.03564453125 0.52880859375 259 1996
1 Male 2 0.0239200592041016 0.580078125 260 1996
0 Male 2 0.056915283203125 0.373046875 261 1996
1 Male 2 0.056915283203125 0.373046875 262 1996
1 Female 2 0.110004425048828 0.25341796875 276 1996
1 Male 2 0.0696029663085938 0.2998046875 270 1996
0 Male 2 0.0308990478515625 0.3916015625 263 1996
0 Male 2 0.0597381591796875 0.33154296875 282 1996
0 Male 2 0.0597381591796875 0.33154296875 286 1996
0 Male 2 0.0437221527099609 0.410400390625 264 1996
1 Male 2 0.0667877197265625 0.29150390625 265 1996
1 Female 2 0.0667877197265625 0.29150390625 280 1996
1 Male 2 0.0931816101074219 0.57958984375 269 1996
1 Male 2 0.0341796875 0.56640625 266 1996
0 Male 2 0.102287292480469 0.46826171875 288 1996
1 Male 2 0.0653152465820312 0.3720703125 268 1996
1 Male 1 0.123386383056641 0.37451171875 291 1996
0 Female 1 0.0864410400390625 0.435546875 321 1996
0 Male 1 0.0983409881591797 0.353759765625 328 1996
1 Male 1 0.0983409881591797 0.353759765625 299 1996
0 Male 1 0.0519485473632812 0.375 331 1996
0 Male 1 0.0519485473632812 0.375 333 1996
0 Male 1 0.0359458923339844 0.60009765625 323 1996
1 Male 1 0.0608711242675781 0.44677734375 294 1996
0 Male 1 0.0204010009765625 0.5830078125 336 1996
0 Female 1 0.0204010009765625 0.5830078125 309 1996
1 Female 1 0.030487060546875 0.37646484375 305 1996
1 Female 1 0.030487060546875 0.37646484375 306 1996
0 Male 1 0.0863990783691406 0.28271484375 293 1996
0 Female 1 0.107315063476562 0.25 311 1996
1 Female 1 0.107315063476562 0.25 313 1996
0 Male 1 0.070556640625 0.59619140625 339 1996
1 Male 1 0.048858642578125 0.3271484375 297 1996
0 Male 1 0.0737133026123047 0.2587890625 324 1996
1 Female 1 0.0682353973388672 0.451171875 310 1996
1 Male 3to5 0.0233306884765625 0.5009765625 213 1996
1 Male 3to5 0.0460052490234375 0.4111328125 215 1996
1 Male 3to5 0.127349853515625 0.2451171875 218 1996
0 Female 3to5 0.152156829833984 0.43701171875 244 1996
1 Male 3to5 0.0864410400390625 0.28662109375 222 1996
1 Male 3to5 0 0.7080078125 217 1996
1 Female 3to5 0 0.79296875 235 1996
0 Female 3to5 0.048492431640625 0.458984375 229 1996
0 Male 3to5 0.0211639404296875 0.498046875 216 1996
0 Male 3to5 0.0186843872070312 0.68505859375 226 1996
0 Female 3to5 0.21136474609375 0.1396484375 231 1996
1 Female 3to5 0.0597381591796875 0.33154296875 239 1996
1 Female 3to5 0.0864410400390625 0.28662109375 233 1996
1 Female 3to5 0.106719970703125 0.2724609375 240 1996
1 Male 3to5 0.0233306884765625 0.5009765625 223 1996
1 Male 3to5 0.0107421875 0.4677734375 225 1997
1 Male 2 0.0807380676269531 0.28515625 304 1997
0 Male 2 0.0550155639648438 0.4384765625 302 1997
0 Female 2 0.0828323364257812 0.37158203125 319 1997
1 Female 2 0.0618896484375 0.38525390625 316 1997
1 Male 2 0.044464111328125 0.412109375 301 1997
1 Male 2 0.044464111328125 0.412109375 300 1997
0 Female 2 0.075439453125 0.47705078125 314 1997
1 Male 2 0.0463676452636719 0.4140625 298 1997
1 Female 2 0.0386123657226562 0.3505859375 315 1997
0 Female 2 0.0308990478515625 0.3916015625 317 1997
1 Female 2 0.056915283203125 0.373046875 312 1997
1 Male 2 0.0646266937255859 0.450927734375 303 1997
0 Male 1 0.0983409881591797 0.353759765625 378 1997
0 Male 1 0.0906162261962891 0.374755859375 349 1997
0 Male 1 0.0446243286132812 0.54345703125 381 1997
0 Female 1 0.0807380676269531 0.28515625 363 1997
1 Male 1 0.0228004455566406 0.51806640625 342 1997
1 Male 1 0.151985168457031 0.39453125 355 1997
1 Male 1 0.0801362991333008 0.3687744140625 354 1997
0 Male 1 0.0341529846191406 0.55029296875 345 1997
0 Female 1 0.03564453125 0.52880859375 365 1997
1 Male 1 0.03564453125 0.52880859375 379 1997
0 Male 1 0.0980720520019531 0.312255859375 376 1997
1 Female 1 0.013427734375 0.46923828125 372 1997
0 Male 1 0.0386123657226562 0.3505859375 343 1997
1 Female 1 0.0440864562988281 0.43212890625 370 1997
1 Male 1 0.0440864562988281 0.43212890625 360 1997
0 Male 1 0.0722036361694336 0.3216552734375 348 1997
1 Male 1 0.0239830017089844 0.44189453125 350 1997
0 Male 1 0.0476245880126953 0.47802734375 340 1997
1 Female 1 0.0491561889648438 0.46826171875 369 1997
0 Male 1 0.0600414276123047 0.546630859375 346 1997
0 Male 1 0.193277359008789 0.252685546875 377 1997
1 Female 1 0.0908012390136719 0.326904296875 364 1997
0 Female 1 0.0335235595703125 0.46826171875 373 1997
0 Male 1 0.0729856491088867 0.387451171875 375 1997
1 Male 1 0 0.51806640625 357 1997
0 Female 1 0 0.51806640625 367 1997
0 Female 1 0.0233306884765625 0.5009765625 371 1997
1 Male 1 0.0983409881591797 0.353759765625 361 1997
1 Male 1 0 0.665771484375 358 1997
1 Male 1 0.0946216583251953 0.4132080078125 352 1997
1 Male 1 0.0808143615722656 0.33837890625 353 1997
1 Male 1 0.0511970520019531 0.41748046875 351 1997
1 Female 1 0.0938491821289062 0.295654296875 362 1997
0 Female 1 0.0386123657226562 0.3505859375 366 1997
1 Male 1 0.0980720520019531 0.312255859375 341 1997
1 Male 1 0.0579414367675781 0.32080078125 359 1997
0 Male 1 0.0239830017089844 0.44189453125 344 1997
0 Male 1 0.0652952194213867 0.47607421875 380 1997
1 Male 1 0.051666259765625 0.37841796875 347 1997
1 Female 1 0.0946884155273438 0.4462890625 368 1997
0 Male 1 0.106369018554688 0.2841796875 382 1997
1 Female 1 0.0640792846679688 0.41943359375 374 1997
1 Male 1 0.0922765731811523 0.3585205078125 356 1997
1 Female 3to5 0.051055908203125 0.1923828125 248 1997
0 Male 3to5 0.0359458923339844 0.60009765625 224 1997
0 Female 3to5 0.0597381591796875 0.33154296875 234 1997
0 Male 3to5 0.0608711242675781 0.44677734375 271 1997
0 Female 3to5 0.0107421875 0.564453125 279 1997
0 Female 3to5 0.0233306884765625 0.5009765625 273 1997
1 Male 3to5 0.044464111328125 0.412109375 272 1997
0 Female 3to5 0.040802001953125 0.3759765625 274 1997
0 Male 3to5 0.03564453125 0.52880859375 259 1997
1 Male 3to5 0.0239200592041016 0.580078125 260 1997
1 Male 3to5 0.056915283203125 0.373046875 262 1997
1 Female 3to5 0.110004425048828 0.25341796875 276 1997
0 Male 3to5 0.0696029663085938 0.2998046875 270 1997
1 Male 3to5 0.0667877197265625 0.29150390625 265 1997
1 Female 3to5 0.0667877197265625 0.29150390625 280 1997
0 Male 3to5 0.0931816101074219 0.57958984375 269 1997
0 Male 3to5 0.0341796875 0.56640625 266 1997
1 Male 3to5 0.0653152465820312 0.3720703125 268 1997
1 Male 2 0.123386383056641 0.37451171875 291 1997
0 Male 2 0.0983409881591797 0.353759765625 299 1997
0 Male 2 0.0608711242675781 0.44677734375 294 1997
1 Female 2 0.030487060546875 0.37646484375 305 1997
0 Female 2 0.030487060546875 0.37646484375 306 1997
1 Female 2 0.107315063476562 0.25 313 1997
1 Male 2 0.048858642578125 0.3271484375 297 1997
0 Female 2 0.0682353973388672 0.451171875 310 1997
0 Male 3to5 0.0233306884765625 0.5009765625 213 1997
0 Male 3to5 0.0460052490234375 0.4111328125 215 1997
1 Male 3to5 0.127349853515625 0.2451171875 218 1997
0 Male 3to5 0.0864410400390625 0.28662109375 222 1997
0 Male 3to5 0 0.7080078125 217 1997
1 Female 3to5 0 0.79296875 235 1997
0 Female 3to5 0.0597381591796875 0.33154296875 239 1997
0 Female 3to5 0.0864410400390625 0.28662109375 233 1997
0 Female 3to5 0.106719970703125 0.2724609375 240 1997
0 Male 3to5 0.0233306884765625 0.5009765625 223 1997
0 Male 3to5 0.0107421875 0.4677734375 225 1998
1 Male 3to5 0.0807380676269531 0.28515625 304 1998
0 Female 3to5 0.0618896484375 0.38525390625 316 1998
1 Male 3to5 0.044464111328125 0.412109375 301 1998
0 Male 3to5 0.044464111328125 0.412109375 300 1998
1 Male 3to5 0.0463676452636719 0.4140625 298 1998
0 Female 3to5 0.0386123657226562 0.3505859375 315 1998
0 Female 3to5 0.056915283203125 0.373046875 312 1998
1 Male 3to5 0.0646266937255859 0.450927734375 303 1998
1 Male 2 0.0228004455566406 0.51806640625 342 1998
1 Male 2 0.151985168457031 0.39453125 355 1998
1 Male 2 0.0801362991333008 0.3687744140625 354 1998
0 Male 2 0.03564453125 0.52880859375 379 1998
1 Female 2 0.013427734375 0.46923828125 372 1998
0 Female 2 0.0440864562988281 0.43212890625 370 1998
1 Male 2 0.0440864562988281 0.43212890625 360 1998
1 Male 2 0.0239830017089844 0.44189453125 350 1998
0 Female 2 0.0491561889648438 0.46826171875 369 1998
0 Female 2 0.0908012390136719 0.326904296875 364 1998
0 Male 2 0 0.51806640625 357 1998
1 Male 2 0.0983409881591797 0.353759765625 361 1998
0 Male 2 0 0.665771484375 358 1998
0 Male 2 0.0946216583251953 0.4132080078125 352 1998
1 Male 2 0.0808143615722656 0.33837890625 353 1998
1 Male 2 0.0511970520019531 0.41748046875 351 1998
1 Female 2 0.0938491821289062 0.295654296875 362 1998
1 Male 2 0.0980720520019531 0.312255859375 341 1998
1 Male 2 0.0579414367675781 0.32080078125 359 1998
0 Male 2 0.051666259765625 0.37841796875 347 1998
0 Female 2 0.0946884155273438 0.4462890625 368 1998
1 Female 2 0.0640792846679688 0.41943359375 374 1998
1 Male 2 0.0922765731811523 0.3585205078125 356 1998
1 Male 1 0 0.688232421875 383 1998
1 Male 1 0.0446243286132812 0.54345703125 386 1998
0 Male 1 0.0906162261962891 0.374755859375 387 1998
1 Female 1 0.0708403587341309 0.37744140625 398 1998
1 Male 1 0.057708740234375 0.41796875 385 1998
0 Male 1 0.07391357421875 0.3330078125 384 1998
0 Female 1 0.07391357421875 0.3330078125 397 1998
0 Male 1 0.071044921875 0.447998046875 388 1998
1 Female 1 0.0550155639648438 0.4384765625 400 1998
0 Female 1 0.0815486907958984 0.4501953125 401 1998
1 Male 1 0.0485014915466309 0.36669921875 410 1998
0 Male 1 0.0485014915466309 0.36669921875 413 1998
0 Male 1 0.0768671035766602 0.317138671875 408 1998
0 Female 1 0.0459671020507812 0.51611328125 399 1998
0 Female 1 0.103662490844727 0.3115234375 405 1998
0 Male 1 0.0690555572509766 0.3521728515625 392 1998
1 Female 1 0.0744571685791016 0.444580078125 396 1998
0 Male 1 0.0476245880126953 0.47802734375 391 1998
1 Male 1 0.0476245880126953 0.47802734375 389 1998
0 Female 1 0.102233409881592 0.31591796875 403 1998
0 Male 1 0.111124038696289 0.349609375 390 1998
1 Male 1 0.0730819702148438 0.3388671875 393 1998
0 Female 1 0.0730819702148438 0.3388671875 404 1998
0 Male 1 0.0286786556243896 0.4359130859375 407 1998
0 Male 1 0.0768671035766602 0.317138671875 409 1998
1 Male 1 0.0768671035766602 0.317138671875 414 1998
1 Female 1 0.0335235595703125 0.46826171875 402 1998
0 Male 1 0.0335235595703125 0.46826171875 411 1998
0 Male 1 0.0615501403808594 0.309326171875 406 1998
0 Female 1 0.0615501403808594 0.309326171875 395 1998
1 Male 1 0.07391357421875 0.3330078125 394 1998
1 Male 1 0.0204010009765625 0.5830078125 412 1998
0 Female 3to5 0.051055908203125 0.1923828125 248 1998
0 Male 3to5 0.044464111328125 0.412109375 272 1998
1 Male 3to5 0.0239200592041016 0.580078125 260 1998
0 Male 3to5 0.056915283203125 0.373046875 262 1998
0 Female 3to5 0.110004425048828 0.25341796875 276 1998
0 Male 3to5 0.0667877197265625 0.29150390625 265 1998
1 Female 3to5 0.0667877197265625 0.29150390625 280 1998
0 Male 3to5 0.0653152465820312 0.3720703125 268 1998
1 Male 3to5 0.123386383056641 0.37451171875 291 1998
0 Female 3to5 0.030487060546875 0.37646484375 305 1998
0 Female 3to5 0.107315063476562 0.25 313 1998
0 Male 3to5 0.048858642578125 0.3271484375 297 1998
1 Male 3to5 0.127349853515625 0.2451171875 218 1998
1 Female 3to5 0 0.79296875 235 1998
1 Male 3to5 0.0807380676269531 0.28515625 304 1999
0 Male 3to5 0.044464111328125 0.412109375 301 1999
1 Male 3to5 0.0463676452636719 0.4140625 298 1999
1 Male 3to5 0.0646266937255859 0.450927734375 303 1999
1 Male 3to5 0.0228004455566406 0.51806640625 342 1999
0 Male 3to5 0.151985168457031 0.39453125 355 1999
1 Male 3to5 0.0801362991333008 0.3687744140625 354 1999
1 Female 3to5 0.013427734375 0.46923828125 372 1999
1 Male 3to5 0.0440864562988281 0.43212890625 360 1999
1 Male 3to5 0.0239830017089844 0.44189453125 350 1999
1 Male 3to5 0.0983409881591797 0.353759765625 361 1999
1 Male 3to5 0.0808143615722656 0.33837890625 353 1999
1 Male 3to5 0.0511970520019531 0.41748046875 351 1999
1 Female 3to5 0.0938491821289062 0.295654296875 362 1999
1 Male 3to5 0.0980720520019531 0.312255859375 341 1999
1 Male 3to5 0.0579414367675781 0.32080078125 359 1999
1 Female 3to5 0.0640792846679688 0.41943359375 374 1999
1 Male 3to5 0.0922765731811523 0.3585205078125 356 1999
1 Male 2 0 0.688232421875 383 1999
0 Male 2 0.0446243286132812 0.54345703125 386 1999
1 Female 2 0.0708403587341309 0.37744140625 398 1999
1 Male 2 0.057708740234375 0.41796875 385 1999
1 Female 2 0.0550155639648438 0.4384765625 400 1999
0 Male 2 0.0485014915466309 0.36669921875 410 1999
1 Female 2 0.0744571685791016 0.444580078125 396 1999
1 Male 2 0.0476245880126953 0.47802734375 389 1999
0 Male 2 0.0730819702148438 0.3388671875 393 1999
1 Male 2 0.0768671035766602 0.317138671875 414 1999
1 Female 2 0.0335235595703125 0.46826171875 402 1999
0 Male 2 0.07391357421875 0.3330078125 394 1999
1 Male 2 0.0204010009765625 0.5830078125 412 1999
1 Male 1 0.0368049144744873 0.4908447265625 427 1999
0 Female 1 0.0368049144744873 0.4908447265625 430 1999
1 Male 1 0.07391357421875 0.3330078125 419 1999
1 Male 1 0.07391357421875 0.3330078125 416 1999
0 Female 1 0.0757770538330078 0.422119140625 428 1999
1 Male 1 0.0818996429443359 0.440185546875 421 1999
1 Male 1 0.110115051269531 0.45947265625 420 1999
1 Female 1 0.0953502655029297 0.440673828125 424 1999
1 Male 1 0.105484008789062 0.44775390625 426 1999
1 Male 1 0.0722370147705078 0.455078125 418 1999
0 Female 1 0.0743255615234375 0.462158203125 425 1999
1 Male 1 0.0593023300170898 0.4736328125 422 1999
1 Male 1 0.0419259071350098 0.4898681640625 417 1999
0 Male 1 0.12518310546875 0.490966796875 429 1999
1 Male 1 0 0.70660400390625 423 1999
1 Male 3to5 0.0239200592041016 0.580078125 260 1999
1 Female 3to5 0.0667877197265625 0.29150390625 280 1999
1 Male 3to5 0.123386383056641 0.37451171875 291 1999
1 Male 6p 0.127349853515625 0.2451171875 218 1999
1 Female 6p 0 0.79296875 235 1999
1 Male 3to5 0.0807380676269531 0.28515625 304 2000
0 Male 3to5 0.0463676452636719 0.4140625 298 2000
0 Male 3to5 0.0646266937255859 0.450927734375 303 2000
1 Male 3to5 0.0228004455566406 0.51806640625 342 2000
1 Male 3to5 0.0801362991333008 0.3687744140625 354 2000
0 Female 3to5 0.013427734375 0.46923828125 372 2000
1 Male 3to5 0.0440864562988281 0.43212890625 360 2000
1 Male 3to5 0.0239830017089844 0.44189453125 350 2000
1 Male 3to5 0.0983409881591797 0.353759765625 361 2000
0 Male 3to5 0.0808143615722656 0.33837890625 353 2000
1 Male 3to5 0.0511970520019531 0.41748046875 351 2000
0 Female 3to5 0.0938491821289062 0.295654296875 362 2000
1 Male 3to5 0.0980720520019531 0.312255859375 341 2000
1 Male 3to5 0.0579414367675781 0.32080078125 359 2000
1 Female 3to5 0.0640792846679688 0.41943359375 374 2000
0 Male 3to5 0.0922765731811523 0.3585205078125 356 2000
1 Male 3to5 0 0.688232421875 383 2000
1 Female 3to5 0.0708403587341309 0.37744140625 398 2000
1 Male 3to5 0.057708740234375 0.41796875 385 2000
0 Female 3to5 0.0550155639648438 0.4384765625 400 2000
1 Female 3to5 0.0744571685791016 0.444580078125 396 2000
0 Male 3to5 0.0476245880126953 0.47802734375 389 2000
0 Male 3to5 0.0768671035766602 0.317138671875 414 2000
0 Female 3to5 0.0335235595703125 0.46826171875 402 2000
0 Male 3to5 0.0204010009765625 0.5830078125 412 2000
0 Male 2 0.0368049144744873 0.4908447265625 427 2000
1 Male 2 0.07391357421875 0.3330078125 419 2000
0 Male 2 0.07391357421875 0.3330078125 416 2000
1 Male 2 0.0818996429443359 0.440185546875 421 2000
1 Male 2 0.110115051269531 0.45947265625 420 2000
0 Female 2 0.0953502655029297 0.440673828125 424 2000
0 Male 2 0.105484008789062 0.44775390625 426 2000
1 Male 2 0.0722370147705078 0.455078125 418 2000
1 Male 2 0.0593023300170898 0.4736328125 422 2000
1 Male 2 0.0419259071350098 0.4898681640625 417 2000
1 Male 2 0 0.70660400390625 423 2000
1 Male 1 0.0737543106079102 0.403564453125 433 2000
0 Female 1 0.0858020782470703 0.3868408203125 437 2000
1 Male 1 0.0633082389831543 0.4593505859375 434 2000
0 Male 1 0 0.716064453125 431 2000
1 Female 1 0.114452362060547 0.357177734375 438 2000
1 Male 1 0.0593023300170898 0.4736328125 432 2000
1 Male 1 0.100512504577637 0.303955078125 435 2000
0 Female 1 0.0740036964416504 0.41339111328125 440 2000
1 Female 1 0.105484008789062 0.44775390625 439 2000
1 Male 1 0.105484008789062 0.44775390625 436 2000
1 Male 6p 0.0239200592041016 0.580078125 260 2000
1 Female 6p 0.0667877197265625 0.29150390625 280 2000
0 Male 3to5 0.123386383056641 0.37451171875 291 2000
1 Male 6p 0.127349853515625 0.2451171875 218 2000
0 Female 6p 0 0.79296875 235 2000
1 Male 6p 0.0807380676269531 0.28515625 304 2001
0 Male 3to5 0.0228004455566406 0.51806640625 342 2001
1 Male 3to5 0.0801362991333008 0.3687744140625 354 2001
0 Male 3to5 0.0440864562988281 0.43212890625 360 2001
1 Male 3to5 0.0239830017089844 0.44189453125 350 2001
1 Male 3to5 0.0983409881591797 0.353759765625 361 2001
1 Male 3to5 0.0511970520019531 0.41748046875 351 2001
1 Male 3to5 0.0980720520019531 0.312255859375 341 2001
1 Male 3to5 0.0579414367675781 0.32080078125 359 2001
1 Female 3to5 0.0640792846679688 0.41943359375 374 2001
1 Male 3to5 0 0.688232421875 383 2001
1 Female 3to5 0.0708403587341309 0.37744140625 398 2001
1 Male 3to5 0.057708740234375 0.41796875 385 2001
1 Female 3to5 0.0744571685791016 0.444580078125 396 2001
1 Male 3to5 0.07391357421875 0.3330078125 419 2001
1 Male 3to5 0.0818996429443359 0.440185546875 421 2001
1 Male 3to5 0.110115051269531 0.45947265625 420 2001
1 Male 3to5 0.0722370147705078 0.455078125 418 2001
1 Male 3to5 0.0593023300170898 0.4736328125 422 2001
1 Male 3to5 0.0419259071350098 0.4898681640625 417 2001
1 Male 3to5 0 0.70660400390625 423 2001
1 Male 2 0.0737543106079102 0.403564453125 433 2001
1 Male 2 0.0633082389831543 0.4593505859375 434 2001
1 Female 2 0.114452362060547 0.357177734375 438 2001
0 Male 2 0.0593023300170898 0.4736328125 432 2001
1 Male 2 0.100512504577637 0.303955078125 435 2001
1 Female 2 0.105484008789062 0.44775390625 439 2001
1 Male 2 0.105484008789062 0.44775390625 436 2001
1 Male 1 0 0.71923828125 441 2001
1 Female 1 0.0402469635009766 0.5772705078125 447 2001
0 Male 6p 0.0239200592041016 0.580078125 260 2001
1 Female 6p 0.0667877197265625 0.29150390625 280 2001
1 Male 6p 0.127349853515625 0.2451171875 218 2001
1 Female 1 0.105484008789062 0.44775390625 449 2001
0 Female 1 0.0740036964416504 0.41339111328125 446 2001
1 Male 1 0.0633082389831543 0.4593505859375 445 2001
1 Male 1 0.0846147537231445 0.434234619140625 442 2001
1 Male 1 0 0.708740234375 443 2001
1 Male 1 0.0419259071350098 0.4898681640625 444 2001
1 Female 1 0 0.71923828125 448 2001
0 Male 6p 0.0807380676269531 0.28515625 304 2002
0 Male 6p 0.0801362991333008 0.3687744140625 354 2002
1 Male 6p 0.0239830017089844 0.44189453125 350 2002
0 Male 6p 0.0983409881591797 0.353759765625 361 2002
0 Male 6p 0.0511970520019531 0.41748046875 351 2002
1 Male 6p 0.0980720520019531 0.312255859375 341 2002
0 Male 6p 0.0579414367675781 0.32080078125 359 2002
1 Female 6p 0.0640792846679688 0.41943359375 374 2002
1 Male 3to5 0 0.688232421875 383 2002
0 Female 3to5 0.0708403587341309 0.37744140625 398 2002
1 Male 3to5 0.057708740234375 0.41796875 385 2002
1 Female 3to5 0.0744571685791016 0.444580078125 396 2002
1 Male 3to5 0.07391357421875 0.3330078125 419 2002
1 Male 3to5 0.0818996429443359 0.440185546875 421 2002
1 Male 3to5 0.110115051269531 0.45947265625 420 2002
0 Male 3to5 0.0722370147705078 0.455078125 418 2002
0 Male 3to5 0.0593023300170898 0.4736328125 422 2002
1 Male 3to5 0.0419259071350098 0.4898681640625 417 2002
1 Male 3to5 0 0.70660400390625 423 2002
1 Male 3to5 0.0737543106079102 0.403564453125 433 2002
1 Male 3to5 0.0633082389831543 0.4593505859375 434 2002
0 Female 3to5 0.114452362060547 0.357177734375 438 2002
0 Male 3to5 0.100512504577637 0.303955078125 435 2002
1 Female 3to5 0.105484008789062 0.44775390625 439 2002
0 Male 3to5 0.105484008789062 0.44775390625 436 2002
0 Male 2 0 0.71923828125 441 2002
1 Female 2 0.0402469635009766 0.5772705078125 447 2002
0 Female 6p 0.0667877197265625 0.29150390625 280 2002
0 Male 6p 0.127349853515625 0.2451171875 218 2002
1 Female 2 0.105484008789062 0.44775390625 449 2002
0 Male 2 0.0633082389831543 0.4593505859375 445 2002
1 Male 2 0.0846147537231445 0.434234619140625 442 2002
1 Male 2 0 0.708740234375 443 2002
1 Male 2 0.0419259071350098 0.4898681640625 444 2002
1 Female 2 0 0.71923828125 448 2002
1 Female 1 0.0747010707855225 0.37841796875 464 2002
0 Female 1 0.0819287300109863 0.40667724609375 461 2002
1 Female 1 0.0804681777954102 0.42352294921875 465 2002
0 Male 1 0.0804681777954102 0.42352294921875 452 2002
1 Female 1 0.0379910469055176 0.526123046875 474 2002
1 Female 1 0.105484008789062 0.44775390625 467 2002
0 Female 1 0.105484008789062 0.44775390625 468 2002
0 Female 1 0.0542196035385132 0.49041748046875 475 2002
1 Female 1 0.0542196035385132 0.49041748046875 471 2002
1 Female 1 0.0514075756072998 0.44482421875 470 2002
1 Female 1 0 0.660400390625 460 2002
1 Male 1 0.0419259071350098 0.4898681640625 453 2002
0 Female 1 0.0419259071350098 0.4898681640625 469 2002
0 Male 1 0.0419259071350098 0.4898681640625 455 2002
1 Female 1 0.0838794410228729 0.391082763671875 466 2002
1 Male 1 0.0600136518478394 0.4326171875 457 2002
1 Male 1 0.047682523727417 0.4686279296875 454 2002
1 Male 1 0.256876945495605 0.71923828125 459 2002
1 Female 1 0.0838794410228729 0.391082763671875 472 2002
0 Male 1 0.0826640725135803 0.451416015625 456 2002
1 Female 1 0.0826640725135803 0.451416015625 463 2002
1 Male 1 0.106948137283325 0.33056640625 458 2002
1 Female 1 0 0.660400390625 473 2002
0 Female 1 0 0.660400390625 462 2002
1 Male 6p 0.0239830017089844 0.44189453125 350 2003
0 Male 6p 0.0980720520019531 0.312255859375 341 2003
1 Female 6p 0.0640792846679688 0.41943359375 374 2003
1 Male 6p 0 0.688232421875 383 2003
0 Male 6p 0.057708740234375 0.41796875 385 2003
0 Female 6p 0.0744571685791016 0.444580078125 396 2003
0 Male 3to5 0.07391357421875 0.3330078125 419 2003
1 Male 3to5 0.0818996429443359 0.440185546875 421 2003
0 Male 3to5 0.110115051269531 0.45947265625 420 2003
0 Male 3to5 0.0419259071350098 0.4898681640625 417 2003
1 Male 3to5 0 0.70660400390625 423 2003
1 Male 3to5 0.0737543106079102 0.403564453125 433 2003
1 Male 3to5 0.0633082389831543 0.4593505859375 434 2003
0 Female 3to5 0.105484008789062 0.44775390625 439 2003
1 Female 3to5 0.0402469635009766 0.5772705078125 447 2003
0 Female 3to5 0.105484008789062 0.44775390625 449 2003
1 Male 3to5 0.0846147537231445 0.434234619140625 442 2003
1 Male 3to5 0 0.708740234375 443 2003
0 Male 3to5 0.0419259071350098 0.4898681640625 444 2003
1 Female 3to5 0 0.71923828125 448 2003
0 Female 2 0.0747010707855225 0.37841796875 464 2003
1 Female 2 0.0804681777954102 0.42352294921875 465 2003
0 Female 2 0.0379910469055176 0.526123046875 474 2003
0 Female 2 0.105484008789062 0.44775390625 467 2003
0 Female 2 0.0542196035385132 0.49041748046875 471 2003
0 Female 2 0.0514075756072998 0.44482421875 470 2003
1 Female 2 0 0.660400390625 460 2003
0 Male 2 0.0419259071350098 0.4898681640625 453 2003
0 Female 2 0.0838794410228729 0.391082763671875 466 2003
0 Male 2 0.0600136518478394 0.4326171875 457 2003
0 Female 1 0.0419259071350098 0.4898681640625 494 2003
1 Male 1 0.0335774421691895 0.58056640625 479 2003
1 Male 1 0 0.689208984375 477 2003
1 Male 1 0 0.689208984375 483 2003
1 Female 1 0.0535163879394531 0.49737548828125 491 2003
1 Male 1 0.0864404439926147 0.48175048828125 482 2003
0 Female 1 0.0373600721359253 0.547454833984375 495 2003
0 Male 1 0.0621376037597656 0.44903564453125 487 2003
1 Male 2 0.047682523727417 0.4686279296875 454 2003
1 Male 2 0.256876945495605 0.71923828125 459 2003
0 Female 2 0.0838794410228729 0.391082763671875 472 2003
1 Female 2 0.0826640725135803 0.451416015625 463 2003
1 Male 2 0.106948137283325 0.33056640625 458 2003
1 Male 1 0.0335774421691895 0.58056640625 476 2003
0 Female 1 0.0523055791854858 0.490142822265625 490 2003
1 Male 1 0.0392484664916992 0.55987548828125 485 2003
1 Male 1 0.0392484664916992 0.55987548828125 484 2003
1 Female 2 0 0.660400390625 473 2003
1 Female 1 0.0779668092727661 0.412322998046875 488 2003
0 Male 1 0.0864404439926147 0.48175048828125 486 2003
1 Male 1 0.0386239290237427 0.57513427734375 478 2003
1 Male 1 0.0670806169509888 0.474884033203125 480 2003
1 Female 1 0.0670806169509888 0.474884033203125 492 2003
0 Female 1 0.0641529783606529 0.419418334960938 489 2003
0 Female 1 0.0542196035385132 0.49041748046875 496 2003
1 Male 1 0.0542196035385132 0.49041748046875 481 2003
0 Female 1 0.0542196035385132 0.49041748046875 493 2003
1 Male 6p 0.0239830017089844 0.44189453125 350 2004
1 Female 6p 0.0640792846679688 0.41943359375 374 2004
0 Male 6p 0 0.688232421875 383 2004
1 Male 6p 0.0818996429443359 0.440185546875 421 2004
1 Male 6p 0 0.70660400390625 423 2004
1 Male 3to5 0.0737543106079102 0.403564453125 433 2004
1 Male 3to5 0.0633082389831543 0.4593505859375 434 2004
1 Female 3to5 0.0402469635009766 0.5772705078125 447 2004
1 Male 3to5 0.0846147537231445 0.434234619140625 442 2004
1 Male 3to5 0 0.708740234375 443 2004
1 Female 3to5 0 0.71923828125 448 2004
1 Female 3to5 0.0804681777954102 0.42352294921875 465 2004
1 Female 3to5 0 0.660400390625 460 2004
0 Male 2 0.0335774421691895 0.58056640625 479 2004
1 Male 2 0 0.689208984375 477 2004
1 Male 2 0 0.689208984375 483 2004
1 Female 2 0.0535163879394531 0.49737548828125 491 2004
1 Male 2 0.0864404439926147 0.48175048828125 482 2004
1 Male 3to5 0.047682523727417 0.4686279296875 454 2004
1 Male 3to5 0.256876945495605 0.71923828125 459 2004
0 Female 3to5 0.0826640725135803 0.451416015625 463 2004
1 Male 3to5 0.106948137283325 0.33056640625 458 2004
1 Male 2 0.0335774421691895 0.58056640625 476 2004
1 Male 2 0.0392484664916992 0.55987548828125 485 2004
0 Male 2 0.0392484664916992 0.55987548828125 484 2004
1 Female 3to5 0 0.660400390625 473 2004
1 Female 2 0.0779668092727661 0.412322998046875 488 2004
1 Male 2 0.0386239290237427 0.57513427734375 478 2004
1 Male 2 0.0670806169509888 0.474884033203125 480 2004
1 Female 2 0.0670806169509888 0.474884033203125 492 2004
1 Male 2 0.0542196035385132 0.49041748046875 481 2004
1 Male 1 0.0766803622245789 0.474746704101562 499 2004
0 Female 1 0.0240890979766846 0.67431640625 510 2004
0 Male 1 0.0450029373168945 0.5511474609375 504 2004
1 Female 1 0.0710224807262421 0.5985107421875 506 2004
1 Female 1 0.0660239458084106 0.50958251953125 507 2004
1 Female 1 0.0514075756072998 0.44482421875 509 2004
1 Male 1 0.0514075756072998 0.44482421875 503 2004
0 Male 1 0.0514075756072998 0.44482421875 498 2004
1 Male 1 0.0584049671888351 0.553825378417969 497 2004
1 Female 1 0.0616087466478348 0.440475463867188 508 2004
1 Male 1 0.0372401624917984 0.589813232421875 500 2004
1 Female 1 0.0710224807262421 0.5985107421875 512 2004
1 Male 1 0.0834315866231918 0.47064208984375 502 2004
0 Male 1 0.125 0.779937744140625 505 2004
1 Male 1 0.0580056756734848 0.50494384765625 501 2004
1 Female 1 0.0542196035385132 0.49041748046875 511 2004
0 Male 6p 0.0239830017089844 0.44189453125 350 2005
0 Female 6p 0.0640792846679688 0.41943359375 374 2005
0 Male 6p 0.0818996429443359 0.440185546875 421 2005
1 Male 6p 0 0.70660400390625 423 2005
1 Male 6p 0.0737543106079102 0.403564453125 433 2005
0 Male 6p 0.0633082389831543 0.4593505859375 434 2005
1 Female 3to5 0.0402469635009766 0.5772705078125 447 2005
0 Male 3to5 0.0846147537231445 0.434234619140625 442 2005
1 Male 3to5 0 0.708740234375 443 2005
0 Female 3to5 0 0.71923828125 448 2005
1 Female 3to5 0.0804681777954102 0.42352294921875 465 2005
0 Female 3to5 0 0.660400390625 460 2005
0 Male 3to5 0 0.689208984375 477 2005
0 Male 3to5 0 0.689208984375 483 2005
0 Female 3to5 0.0535163879394531 0.49737548828125 491 2005
0 Male 3to5 0.0864404439926147 0.48175048828125 482 2005
0 Male 3to5 0.047682523727417 0.4686279296875 454 2005
1 Male 3to5 0.256876945495605 0.71923828125 459 2005
1 Male 3to5 0.106948137283325 0.33056640625 458 2005
1 Male 3to5 0.0335774421691895 0.58056640625 476 2005
0 Male 3to5 0.0392484664916992 0.55987548828125 485 2005
0 Female 3to5 0 0.660400390625 473 2005
0 Female 3to5 0.0779668092727661 0.412322998046875 488 2005
0 Male 3to5 0.0386239290237427 0.57513427734375 478 2005
1 Male 3to5 0.0670806169509888 0.474884033203125 480 2005
1 Female 3to5 0.0670806169509888 0.474884033203125 492 2005
1 Male 3to5 0.0542196035385132 0.49041748046875 481 2005
1 Male 2 0.0766803622245789 0.474746704101562 499 2005
0 Female 2 0.0710224807262421 0.5985107421875 506 2005
0 Female 2 0.0660239458084106 0.50958251953125 507 2005
1 Female 2 0.0514075756072998 0.44482421875 509 2005
0 Male 2 0.0514075756072998 0.44482421875 503 2005
0 Male 2 0.0584049671888351 0.553825378417969 497 2005
0 Female 2 0.0616087466478348 0.440475463867188 508 2005
0 Male 2 0.0372401624917984 0.589813232421875 500 2005
1 Female 2 0.0710224807262421 0.5985107421875 512 2005
0 Male 2 0.0834315866231918 0.47064208984375 502 2005
0 Male 2 0.0580056756734848 0.50494384765625 501 2005
1 Female 2 0.0542196035385132 0.49041748046875 511 2005
0 Female 1 0.0350514501333237 0.599395751953125 533 2005
0 Female 1 0.0350514501333237 0.599395751953125 537 2005
1 Male 1 0.0350514501333237 0.599395751953125 521 2005
1 Male 1 0.0450029373168945 0.5511474609375 520 2005
0 Female 1 0.0450029373168945 0.5511474609375 534 2005
0 Male 1 0.0353802144527435 0.582366943359375 531 2005
0 Female 1 0.0353802144527435 0.582366943359375 535 2005
1 Female 1 0.0353802144527435 0.582366943359375 536 2005
1 Male 1 0.0328214168548584 0.6748046875 523 2005
0 Male 1 0.060905933380127 0.58953857421875 516 2005
1 Male 1 0.060905933380127 0.58953857421875 517 2005
0 Male 1 0.0372401624917984 0.589813232421875 515 2005
1 Male 1 0.0701991282403469 0.564842224121094 525 2005
1 Male 1 0.0335411354899406 0.579010009765625 518 2005
1 Female 1 0.0536594390869141 0.5159912109375 543 2005
1 Male 1 0.0542196035385132 0.49041748046875 524 2005
0 Female 1 0.0394054055213928 0.571075439453125 540 2005
0 Male 1 0.0361164808273315 0.603057861328125 532 2005
1 Male 1 0.119456693530083 0.482582092285156 522 2005
0 Male 1 0.0534007400274277 0.525009155273438 529 2005
0 Male 1 0.0373613834381104 0.566131591796875 530 2005
0 Male 1 0 0.8441162109375 514 2005
1 Female 1 0 0.8441162109375 541 2005
0 Female 1 0.0319887399673462 0.6204833984375 542 2005
1 Female 1 0.0447060465812683 0.5335693359375 539 2005
1 Female 1 0.0450029373168945 0.5511474609375 538 2005
0 Male 1 0.0826228782534599 0.449913024902344 527 2005
0 Male 1 0.0826228782534599 0.449913024902344 528 2005
1 Male 1 0.0446923784911633 0.565547943115234 526 2005
1 Male 1 0.0446923784911633 0.565547943115234 519 2005
0 Male 6p 0 0.70660400390625 423 2006
0 Male 6p 0.0737543106079102 0.403564453125 433 2006
1 Female 6p 0.0402469635009766 0.5772705078125 447 2006
0 Male 6p 0 0.708740234375 443 2006
0 Female 3to5 0.0804681777954102 0.42352294921875 465 2006
0 Female 1 0.0684471540153027 0.459854125976562 573 2006
1 Female 1 0.060905933380127 0.58953857421875 569 2006
1 Male 1 0 0.73431396484375 549 2006
0 Male 1 0 0.73431396484375 553 2006
1 Male 1 0.0651671886444092 0.520858764648438 552 2006
1 Female 1 0.0637537837028503 0.45697021484375 563 2006
0 Female 1 0.0708290785551071 0.465805053710938 572 2006
0 Female 1 0.0766917169094086 0.3876953125 560 2006
0 Male 3to5 0.256876945495605 0.71923828125 459 2006
0 Male 3to5 0.106948137283325 0.33056640625 458 2006
0 Male 3to5 0.0335774421691895 0.58056640625 476 2006
0 Male 3to5 0.0670806169509888 0.474884033203125 480 2006
1 Female 3to5 0.0670806169509888 0.474884033203125 492 2006
0 Male 3to5 0.0542196035385132 0.49041748046875 481 2006
0 Male 3to5 0.0766803622245789 0.474746704101562 499 2006
0 Female 3to5 0.0514075756072998 0.44482421875 509 2006
0 Female 3to5 0.0710224807262421 0.5985107421875 512 2006
0 Female 3to5 0.0542196035385132 0.49041748046875 511 2006
1 Male 2 0.0350514501333237 0.599395751953125 521 2006
0 Male 2 0.0450029373168945 0.5511474609375 520 2006
1 Female 2 0.0353802144527435 0.582366943359375 536 2006
0 Male 2 0.0328214168548584 0.6748046875 523 2006
1 Male 2 0.060905933380127 0.58953857421875 517 2006
0 Male 2 0.0701991282403469 0.564842224121094 525 2006
1 Male 2 0.0335411354899406 0.579010009765625 518 2006
1 Female 2 0.0536594390869141 0.5159912109375 543 2006
0 Male 2 0.0542196035385132 0.49041748046875 524 2006
1 Male 2 0.119456693530083 0.482582092285156 522 2006
1 Female 2 0 0.8441162109375 541 2006
0 Female 2 0.0447060465812683 0.5335693359375 539 2006
1 Female 2 0.0450029373168945 0.5511474609375 538 2006
0 Male 2 0.0446923784911633 0.565547943115234 526 2006
1 Male 2 0.0446923784911633 0.565547943115234 519 2006
1 Female 1 0.0684471540153027 0.459854125976562 561 2006
1 Male 1 0.0743110696785152 0.505186080932617 550 2006
0 Female 1 0.0235463529825211 0.638839721679688 574 2006
1 Male 1 0.0235463529825211 0.638839721679688 547 2006
0 Male 1 0.0394054055213928 0.571075439453125 548 2006
0 Female 1 0.0858993791043758 0.59088134765625 558 2006
1 Female 1 0 0.794906616210938 556 2006
0 Female 1 0 0.794906616210938 564 2006
0 Male 1 0.0450029373168945 0.5511474609375 546 2006
0 Female 1 0.148245573043823 0.610137939453125 571 2006
0 Male 1 0 0.794769287109375 554 2006
1 Female 1 0.111704662442207 0.526008605957031 565 2006
1 Female 1 0.0446923784911633 0.565547943115234 557 2006
1 Female 1 0 0.724956512451172 566 2006
0 Female 1 0.0350514501333237 0.599395751953125 562 2006
0 Female 1 0.0350514501333237 0.599395751953125 576 2006
1 Female 1 0.0663012936711311 0.515007019042969 568 2006
1 Female 1 0.0451484471559525 0.721755981445312 575 2006
0 Male 1 0.0684471540153027 0.459854125976562 551 2006
0 Female 1 0.0446923784911633 0.565547943115234 570 2006
0 Female 1 0.0235463529825211 0.638839721679688 555 2006
1 Female 1 0 0.794906616210938 559 2006
0 Female 1 0.111704662442207 0.526008605957031 567 2006
1 Female 6p 0.0402469635009766 0.5772705078125 447 2007
0 Female 2 0.060905933380127 0.58953857421875 569 2007
1 Male 2 0 0.73431396484375 549 2007
1 Male 2 0.0651671886444092 0.520858764648438 552 2007
0 Female 2 0.0637537837028503 0.45697021484375 563 2007
0 Female 3to5 0.0670806169509888 0.474884033203125 492 2007
1 Male 3to5 0.0350514501333237 0.599395751953125 521 2007
0 Female 3to5 0.0353802144527435 0.582366943359375 536 2007
1 Male 3to5 0.060905933380127 0.58953857421875 517 2007
1 Male 3to5 0.0335411354899406 0.579010009765625 518 2007
1 Female 3to5 0.0536594390869141 0.5159912109375 543 2007
1 Male 3to5 0.119456693530083 0.482582092285156 522 2007
1 Female 3to5 0 0.8441162109375 541 2007
1 Female 3to5 0.0450029373168945 0.5511474609375 538 2007
0 Male 3to5 0.0446923784911633 0.565547943115234 519 2007
1 Female 2 0.0684471540153027 0.459854125976562 561 2007
1 Male 2 0.0743110696785152 0.505186080932617 550 2007
1 Male 2 0.0235463529825211 0.638839721679688 547 2007
0 Female 2 0 0.794906616210938 556 2007
1 Female 2 0.111704662442207 0.526008605957031 565 2007
0 Female 2 0.0446923784911633 0.565547943115234 557 2007
1 Female 2 0 0.724956512451172 566 2007
1 Female 2 0.0663012936711311 0.515007019042969 568 2007
0 Female 2 0.0451484471559525 0.721755981445312 575 2007
1 Female 2 0 0.794906616210938 559 2007
1 Female 1 0.0657937480136752 0.598251342773438 581 2007
1 Male 1 0.0727810682728887 0.518424987792969 578 2007
1 Female 1 0.0761022008955479 0.559684753417969 584 2007
1 Female 1 0.10470862314105 0.542442321777344 582 2007
0 Female 1 0.138958641909994 0.524065017700195 583 2007
1 Male 1 0.107503639534116 0.610805511474609 577 2007
1 Male 1 0.0935814464464784 0.519432067871094 580 2007
1 Male 1 0.0643822802230716 0.621307373046875 579 2007
0 Female 6p 0.0402469635009766 0.5772705078125 447 2008
1 Male 3to5 0 0.73431396484375 549 2008
1 Male 3to5 0.0651671886444092 0.520858764648438 552 2008
1 Male 3to5 0.0350514501333237 0.599395751953125 521 2008
0 Male 3to5 0.060905933380127 0.58953857421875 517 2008
1 Male 3to5 0.0335411354899406 0.579010009765625 518 2008
0 Female 3to5 0.0536594390869141 0.5159912109375 543 2008
0 Male 3to5 0.119456693530083 0.482582092285156 522 2008
0 Female 3to5 0 0.8441162109375 541 2008
1 Female 3to5 0.0450029373168945 0.5511474609375 538 2008
0 Female 3to5 0.0684471540153027 0.459854125976562 561 2008
1 Male 3to5 0.0743110696785152 0.505186080932617 550 2008
0 Male 3to5 0.0235463529825211 0.638839721679688 547 2008
1 Female 3to5 0.111704662442207 0.526008605957031 565 2008
1 Female 3to5 0 0.724956512451172 566 2008
1 Female 3to5 0.0663012936711311 0.515007019042969 568 2008
1 Female 3to5 0 0.794906616210938 559 2008
0 Female 2 0.0657937480136752 0.598251342773438 581 2008
0 Male 2 0.0727810682728887 0.518424987792969 578 2008
0 Female 2 0.0761022008955479 0.559684753417969 584 2008
1 Female 2 0.10470862314105 0.542442321777344 582 2008
1 Male 2 0.107503639534116 0.610805511474609 577 2008
0 Male 2 0.0935814464464784 0.519432067871094 580 2008
0 Male 2 0.0643822802230716 0.621307373046875 579 2008
0 Female 1 0.0643822802230716 0.621307373046875 604 2008
0 Female 1 0.138958641909994 0.524065017700195 618 2008
1 Male 1 0.0673741963692009 0.542844772338867 593 2008
0 Male 1 0.104563997127116 0.547362327575684 592 2008
1 Female 1 0.0217206478118896 0.66192626953125 610 2008
1 Female 1 0.0458742659538984 0.558347702026367 616 2008
1 Male 1 0.0727810682728887 0.518424987792969 587 2008
0 Female 1 0.0858993791043758 0.59088134765625 620 2008
1 Male 1 0.0858993791043758 0.59088134765625 598 2008
0 Male 1 0.0648701647296548 0.582424163818359 595 2008
1 Female 1 0.0983079121215269 0.510096549987793 605 2008
0 Male 1 0.0473988670855761 0.692222595214844 585 2008
0 Female 1 0.105039894580841 0.539558410644531 602 2008
1 Female 1 0.0618835702771321 0.581452369689941 603 2008
1 Female 1 0.0618835702771321 0.581452369689941 621 2008
0 Female 1 0.097417464479804 0.524696350097656 613 2008
1 Male 1 0.116403465624899 0.471218109130859 599 2008
0 Female 1 0.0512042324990034 0.588630676269531 617 2008
0 Male 1 0.0512042324990034 0.588630676269531 600 2008
1 Female 1 0.138958641909994 0.524065017700195 614 2008
1 Male 1 0.0589248407632113 0.580976486206055 596 2008
1 Female 1 0.102687706239522 0.554485321044922 608 2008
0 Female 1 0.0727810682728887 0.518424987792969 611 2008
0 Female 1 0.0727810682728887 0.518424987792969 607 2008
0 Male 1 0.0705978269688785 0.638744354248047 588 2008
1 Male 1 0.0244255363941193 0.655792236328125 594 2008
0 Female 1 0.0673741963692009 0.542844772338867 622 2008
1 Male 1 0.0673741963692009 0.542844772338867 601 2008
1 Male 1 0.105039894580841 0.539558410644531 590 2008
1 Male 1 0.0691130748018622 0.590641021728516 589 2008
0 Female 1 0.0618835702771321 0.581452369689941 612 2008
1 Female 1 0.00869789719581604 0.789215087890625 606 2008
1 Male 1 0.00869789719581604 0.789215087890625 586 2008
0 Female 1 0.116403465624899 0.471218109130859 615 2008
1 Female 1 0.0858993791043758 0.59088134765625 609 2008
1 Male 1 0.0557580385357141 0.5806884765625 591 2008
1 Male 1 0.115995996631682 0.598823547363281 597 2008
1 Female 1 0.104563997127116 0.547362327575684 619 2008
1 Male 3to5 0 0.73431396484375 549 2009
1 Male 3to5 0.0651671886444092 0.520858764648438 552 2009
1 Male 3to5 0.0350514501333237 0.599395751953125 521 2009
1 Male 3to5 0.0335411354899406 0.579010009765625 518 2009
1 Female 3to5 0.0450029373168945 0.5511474609375 538 2009
1 Male 3to5 0.0743110696785152 0.505186080932617 550 2009
1 Female 3to5 0.111704662442207 0.526008605957031 565 2009
1 Female 3to5 0 0.724956512451172 566 2009
1 Female 3to5 0.0663012936711311 0.515007019042969 568 2009
1 Female 3to5 0 0.794906616210938 559 2009
0 Female 3to5 0.10470862314105 0.542442321777344 582 2009
0 Male 1 0.0512042324990034 0.588630676269531 629 2009
1 Female 1 0.02754289470613 0.657883167266846 636 2009
1 Male 1 0.168542074970901 0.541228294372559 634 2009
1 Male 1 0.0589248407632113 0.580976486206055 633 2009
1 Male 1 0.0846765440364834 0.584803581237793 628 2009
0 Male 1 0.0727810682728887 0.518424987792969 631 2009
0 Male 3to5 0.107503639534116 0.610805511474609 577 2009
1 Male 2 0.0673741963692009 0.542844772338867 593 2009
0 Female 2 0.0217206478118896 0.66192626953125 610 2009
1 Female 2 0.0458742659538984 0.558347702026367 616 2009
1 Male 2 0.0727810682728887 0.518424987792969 587 2009
0 Male 2 0.0858993791043758 0.59088134765625 598 2009
1 Female 2 0.0983079121215269 0.510096549987793 605 2009
1 Female 2 0.0618835702771321 0.581452369689941 603 2009
1 Female 2 0.0618835702771321 0.581452369689941 621 2009
1 Male 2 0.116403465624899 0.471218109130859 599 2009
1 Female 2 0.138958641909994 0.524065017700195 614 2009
1 Male 2 0.0589248407632113 0.580976486206055 596 2009
0 Female 2 0.102687706239522 0.554485321044922 608 2009
1 Male 2 0.0244255363941193 0.655792236328125 594 2009
1 Male 2 0.0673741963692009 0.542844772338867 601 2009
0 Male 2 0.105039894580841 0.539558410644531 590 2009
0 Male 2 0.0691130748018622 0.590641021728516 589 2009
1 Female 2 0.00869789719581604 0.789215087890625 606 2009
1 Male 2 0.00869789719581604 0.789215087890625 586 2009
1 Female 2 0.0858993791043758 0.59088134765625 609 2009
0 Male 2 0.0557580385357141 0.5806884765625 591 2009
1 Male 2 0.115995996631682 0.598823547363281 597 2009
0 Female 2 0.104563997127116 0.547362327575684 619 2009
0 Female 1 0.0727810682728887 0.518424987792969 638 2009
0 Female 1 0.0314386857207865 0.692773818969727 637 2009
1 Female 1 0.0314386857207865 0.692773818969727 635 2009
1 Male 1 0.14259051917179 0.5263352394104 632 2009
1 Female 1 0.14259051917179 0.5263352394104 639 2009
1 Male 1 0.102298094047001 0.565737724304199 627 2009
0 Male 1 0.0618309983983636 0.621307373046875 626 2009
0 Male 1 0.0618309983983636 0.621307373046875 630 2009
1 Male 3to5 0 0.73431396484375 549 2010
1 Male 3to5 0.0651671886444092 0.520858764648438 552 2010
0 Male 6p 0.0350514501333237 0.599395751953125 521 2010
1 Male 6p 0.0335411354899406 0.579010009765625 518 2010
0 Female 6p 0.0450029373168945 0.5511474609375 538 2010
0 Male 3to5 0.0743110696785152 0.505186080932617 550 2010
0 Female 3to5 0.111704662442207 0.526008605957031 565 2010
0 Female 3to5 0 0.724956512451172 566 2010
0 Female 3to5 0.0663012936711311 0.515007019042969 568 2010
1 Female 3to5 0 0.794906616210938 559 2010
0 Female 2 0.02754289470613 0.657883167266846 636 2010
1 Male 2 0.168542074970901 0.541228294372559 634 2010
0 Male 2 0.0589248407632113 0.580976486206055 633 2010
1 Male 2 0.0846765440364834 0.584803581237793 628 2010
0 Male 1 0.118462351500057 0.565536499023438 649 2010
0 Male 1 0 0.805402755737305 640 2010
0 Male 3to5 0.0673741963692009 0.542844772338867 593 2010
1 Female 3to5 0.0458742659538984 0.558347702026367 616 2010
0 Male 3to5 0.0727810682728887 0.518424987792969 587 2010
0 Female 3to5 0.0983079121215269 0.510096549987793 605 2010
0 Female 3to5 0.0618835702771321 0.581452369689941 603 2010
0 Female 3to5 0.0618835702771321 0.581452369689941 621 2010
0 Male 3to5 0.116403465624899 0.471218109130859 599 2010
0 Female 3to5 0.138958641909994 0.524065017700195 614 2010
0 Male 3to5 0.0589248407632113 0.580976486206055 596 2010
1 Male 3to5 0.0244255363941193 0.655792236328125 594 2010
0 Male 3to5 0.0673741963692009 0.542844772338867 601 2010
1 Female 3to5 0.00869789719581604 0.789215087890625 606 2010
0 Male 3to5 0.00869789719581604 0.789215087890625 586 2010
1 Female 3to5 0.0858993791043758 0.59088134765625 609 2010
1 Male 3to5 0.115995996631682 0.598823547363281 597 2010
0 Female 2 0.0314386857207865 0.692773818969727 635 2010
1 Male 2 0.14259051917179 0.5263352394104 632 2010
0 Female 2 0.14259051917179 0.5263352394104 639 2010
1 Male 2 0.102298094047001 0.565737724304199 627 2010
0 Female 1 0.0519096002681181 0.632257461547852 664 2010
0 Male 1 0.201211399282329 0.531766891479492 642 2010
1 Female 1 0.201211399282329 0.531766891479492 657 2010
0 Male 1 0.201211399282329 0.531766891479492 645 2010
0 Male 1 0.0360057957004756 0.685333728790283 648 2010
1 Female 1 0.127941379367257 0.569644451141357 655 2010
0 Male 1 0.127941379367257 0.569644451141357 650 2010
0 Female 1 0.136436674278229 0.58992862701416 663 2010
1 Male 1 0.0660077165812254 0.585399627685547 643 2010
0 Female 1 0.0835087429732084 0.558910369873047 667 2010
0 Female 1 0.0835087429732084 0.558910369873047 668 2010
0 Male 1 0.032301667612046 0.630324602127075 641 2010
0 Female 1 0.032301667612046 0.630324602127075 658 2010
1 Male 1 0.100540395418648 0.569121837615967 644 2010
1 Male 1 0.100540395418648 0.569121837615967 653 2010
1 Male 1 0.0933343976066681 0.573092937469482 652 2010
1 Female 1 0.0903354897163808 0.576940536499023 669 2010
0 Female 1 0.127941379367257 0.569644451141357 665 2010
0 Male 1 0.0314386857207865 0.692773818969727 646 2010
0 Male 1 0.0314386857207865 0.692773818969727 647 2010
0 Female 1 0.0808248224202543 0.602385520935059 666 2010
0 Female 1 0.0825400032917969 0.549938678741455 660 2010
1 Female 1 0.0927223639155272 0.578585624694824 670 2010
0 Male 1 0.0801020768412855 0.550596237182617 651 2010
1 Female 1 0.0927223639155272 0.578585624694824 661 2010
0 Female 1 0.136436674278229 0.58992862701416 662 2010
0 Male 1 0.136436674278229 0.58992862701416 654 2010
1 Female 1 0.0835087429732084 0.558910369873047 656 2010
0 Female 1 0 0.790726184844971 659 2010
1 Male 6p 0 0.73431396484375 549 2011
0 Male 6p 0.0651671886444092 0.520858764648438 552 2011
1 Male 6p 0.0335411354899406 0.579010009765625 518 2011
1 Female 6p 0 0.794906616210938 559 2011
1 Male 3to5 0.168542074970901 0.541228294372559 634 2011
1 Male 3to5 0.0846765440364834 0.584803581237793 628 2011
0 Female 3to5 0.0458742659538984 0.558347702026367 616 2011
0 Male 3to5 0.0244255363941193 0.655792236328125 594 2011
1 Female 3to5 0.00869789719581604 0.789215087890625 606 2011
1 Female 3to5 0.0858993791043758 0.59088134765625 609 2011
1 Male 3to5 0.115995996631682 0.598823547363281 597 2011
1 Male 3to5 0.14259051917179 0.5263352394104 632 2011
0 Male 3to5 0.102298094047001 0.565737724304199 627 2011
1 Female 2 0.201211399282329 0.531766891479492 657 2011
1 Female 2 0.127941379367257 0.569644451141357 655 2011
1 Male 2 0.0660077165812254 0.585399627685547 643 2011
1 Male 2 0.100540395418648 0.569121837615967 644 2011
1 Male 2 0.100540395418648 0.569121837615967 653 2011
0 Male 2 0.0933343976066681 0.573092937469482 652 2011
1 Female 2 0.0903354897163808 0.576940536499023 669 2011
1 Female 2 0.0927223639155272 0.578585624694824 670 2011
1 Female 2 0.0927223639155272 0.578585624694824 661 2011
1 Female 2 0.0835087429732084 0.558910369873047 656 2011
1 Female 1 0 0.792401790618896 690 2011
1 Male 1 0.0757225276902318 0.578208923339844 682 2011
0 Male 1 0.066316678217845 0.645246505737305 679 2011
1 Male 1 0.0561070183757693 0.740994453430176 683 2011
1 Male 1 0.0707615214341786 0.618446588516235 671 2011
1 Male 1 0.0426025707274675 0.653820037841797 677 2011
0 Female 1 0.101186321728164 0.537415266036987 689 2011
1 Male 1 0.0493682775631896 0.661246538162231 685 2011
1 Male 1 0.0771850612800336 0.553785800933838 674 2011
1 Male 1 0.0771850612800336 0.553785800933838 678 2011
1 Male 1 0.170935052912682 0.567975521087646 686 2011
1 Male 1 0.100776398394373 0.578958511352539 688 2011
1 Male 1 0.152768182830187 0.564016103744507 681 2011
0 Male 1 0.0408054559957236 0.680322170257568 672 2011
1 Male 1 0.0640326328575611 0.697151184082031 680 2011
1 Female 1 0.201211399282329 0.531766891479492 691 2011
1 Male 1 0.0801020768412855 0.550596237182617 673 2011
0 Male 1 0.0777080935658887 0.569943428039551 684 2011
1 Female 1 0.101309623423731 0.587551116943359 693 2011
1 Female 1 0.0680520935129607 0.60060453414917 692 2011
1 Male 1 0.0680520935129607 0.60060453414917 675 2011
0 Male 1 0 0.792401790618896 687 2011
1 Female 1 0.0917729407956358 0.574419498443604 695 2011
1 Male 1 0.14259051917179 0.5263352394104 676 2011
0 Female 1 0.148752804270771 0.559906959533691 694 2011
0 Male 6p 0 0.73431396484375 549 2012
0 Male 6p 0.0335411354899406 0.579010009765625 518 2012
0 Female 6p 0 0.794906616210938 559 2012
1 Male 3to5 0.168542074970901 0.541228294372559 634 2012
0 Male 3to5 0.0846765440364834 0.584803581237793 628 2012
0 Female 3to5 0.00869789719581604 0.789215087890625 606 2012
1 Female 3to5 0.0858993791043758 0.59088134765625 609 2012
0 Male 3to5 0.115995996631682 0.598823547363281 597 2012
0 Male 3to5 0.14259051917179 0.5263352394104 632 2012
0 Female 1 0.0856587972375564 0.70383083820343 740 2012
0 Female 1 0.0856587972375564 0.70383083820343 737 2012
0 Female 1 0.0673670847900212 0.621671676635742 738 2012
0 Female 1 0.0673670847900212 0.621671676635742 744 2012
1 Male 1 0.114241530998697 0.55694317817688 721 2012
0 Female 1 0.0652669648052324 0.705424189567566 747 2012
0 Male 1 0.0585696307898615 0.611093521118164 701 2012
1 Male 1 0.0585696307898615 0.611093521118164 705 2012
0 Male 1 0.0585696307898615 0.611093521118164 710 2012
1 Male 1 0.0259108410682529 0.651979207992554 696 2012
0 Male 1 0.0259108410682529 0.651979207992554 724 2012
1 Male 1 0.0259108410682529 0.651979207992554 697 2012
1 Male 1 0.107348482495127 0.577930927276611 706 2012
0 Male 1 0.107348482495127 0.577930927276611 719 2012
1 Male 1 0.0927223639155272 0.578585624694824 715 2012
0 Female 1 0.0408054559957236 0.680322170257568 743 2012
0 Female 1 0.0408054559957236 0.680322170257568 742 2012
1 Male 1 0 0.792401790618896 725 2012
0 Male 1 0 0.792401790618896 713 2012
0 Female 1 0 0.792401790618896 746 2012
1 Male 1 0.0806521859958593 0.611916065216064 711 2012
0 Male 1 0.0806521859958593 0.611916065216064 709 2012
1 Male 1 0 0.795440673828125 704 2012
1 Female 1 0.192084701244312 0.572181463241577 735 2012
1 Female 1 0.139537445465976 0.568653106689453 739 2012
0 Male 1 0.103553821449168 0.628198385238647 720 2012
0 Female 1 0.0408054559957236 0.680322170257568 733 2012
0 Female 3to5 0.201211399282329 0.531766891479492 657 2012
1 Female 3to5 0.127941379367257 0.569644451141357 655 2012
0 Male 3to5 0.0660077165812254 0.585399627685547 643 2012
0 Male 3to5 0.100540395418648 0.569121837615967 644 2012
1 Male 3to5 0.100540395418648 0.569121837615967 653 2012
1 Female 3to5 0.0903354897163808 0.576940536499023 669 2012
1 Female 3to5 0.0927223639155272 0.578585624694824 670 2012
1 Female 3to5 0.0927223639155272 0.578585624694824 661 2012
0 Female 3to5 0.0835087429732084 0.558910369873047 656 2012
1 Female 2 0 0.792401790618896 690 2012
0 Male 2 0.0757225276902318 0.578208923339844 682 2012
1 Male 2 0.0561070183757693 0.740994453430176 683 2012
0 Male 2 0.0707615214341786 0.618446588516235 671 2012
1 Male 2 0.0426025707274675 0.653820037841797 677 2012
1 Male 2 0.0493682775631896 0.661246538162231 685 2012
1 Male 2 0.0771850612800336 0.553785800933838 674 2012
0 Male 2 0.0771850612800336 0.553785800933838 678 2012
0 Male 2 0.170935052912682 0.567975521087646 686 2012
1 Male 2 0.100776398394373 0.578958511352539 688 2012
0 Male 2 0.152768182830187 0.564016103744507 681 2012
1 Male 2 0.0640326328575611 0.697151184082031 680 2012
1 Female 2 0.201211399282329 0.531766891479492 691 2012
0 Male 2 0.0801020768412855 0.550596237182617 673 2012
1 Female 2 0.101309623423731 0.587551116943359 693 2012
0 Female 2 0.0680520935129607 0.60060453414917 692 2012
1 Male 2 0.0680520935129607 0.60060453414917 675 2012
0 Female 2 0.0917729407956358 0.574419498443604 695 2012
1 Female 1 0 0.7631676197052 728 2012
0 Male 2 0.14259051917179 0.5263352394104 676 2012
1 Female 1 0 0.792401790618896 745 2012
1 Female 1 0.100333418937225 0.552460432052612 741 2012
0 Male 1 0.0595095092430711 0.734768629074097 712 2012
0 Male 1 0.308628649137972 0.60060453414917 717 2012
0 Female 1 0.308628649137972 0.60060453414917 748 2012
1 Male 1 0.0818473374238238 0.548752307891846 722 2012
1 Male 1 0.0259108410682529 0.651979207992554 699 2012
0 Female 1 0.0259108410682529 0.651979207992554 732 2012
0 Female 1 0.0259108410682529 0.651979207992554 726 2012
0 Female 1 0.0826197068672627 0.568960189819336 734 2012
1 Male 1 0.0826197068672627 0.568960189819336 718 2012
1 Male 1 0.0826197068672627 0.568960189819336 708 2012
1 Male 1 0.0585696307898615 0.611093521118164 703 2012
0 Male 1 0.0585696307898615 0.611093521118164 698 2012
1 Male 1 0.148752804270771 0.559906959533691 700 2012
0 Female 1 0.148752804270771 0.559906959533691 731 2012
1 Female 1 0.0408054559957236 0.680322170257568 727 2012
0 Female 1 0.0326016370672733 0.689855098724365 730 2012
1 Female 1 0.0927223639155272 0.578585624694824 729 2012
1 Male 1 0 0.7631676197052 716 2012
0 Male 1 0.137505148886703 0.619916081428528 707 2012
1 Male 1 0.137505148886703 0.619916081428528 723 2012
0 Male 1 0.101958008934162 0.6141197681427 702 2012
1 Male 1 0.129488928449064 0.571770668029785 714 2012
1 Female 1 0.129488928449064 0.571770668029785 736 2012
0 Male 3to5 0.168542074970901 0.541228294372559 634 2013
1 Female 6p 0.0858993791043758 0.59088134765625 609 2013
1 Male 2 0.114241530998697 0.55694317817688 721 2013
1 Male 2 0.0585696307898615 0.611093521118164 705 2013
0 Male 2 0.0259108410682529 0.651979207992554 696 2013
0 Male 2 0.0259108410682529 0.651979207992554 697 2013
0 Male 2 0.107348482495127 0.577930927276611 706 2013
1 Male 2 0.0927223639155272 0.578585624694824 715 2013
1 Male 2 0 0.792401790618896 725 2013
1 Male 2 0.0806521859958593 0.611916065216064 711 2013
0 Male 2 0 0.795440673828125 704 2013
1 Female 2 0.192084701244312 0.572181463241577 735 2013
0 Female 2 0.139537445465976 0.568653106689453 739 2013
1 Female 1 0 0.792401790618896 772 2013
0 Male 1 0 0.792401790618896 751 2013
0 Female 1 0.114241530998697 0.55694317817688 763 2013
0 Female 1 0.0953321110355319 0.639572858810425 766 2013
1 Female 1 0.0867182600977685 0.595396757125854 775 2013
0 Female 1 0.0633458351767331 0.68549370765686 777 2013
0 Female 1 0.115831339368015 0.572653293609619 770 2013
1 Female 3to5 0.127941379367257 0.569644451141357 655 2013
0 Male 3to5 0.100540395418648 0.569121837615967 653 2013
0 Female 3to5 0.0903354897163808 0.576940536499023 669 2013
0 Female 3to5 0.0927223639155272 0.578585624694824 670 2013
0 Female 3to5 0.0927223639155272 0.578585624694824 661 2013
0 Female 3to5 0 0.792401790618896 690 2013
0 Male 3to5 0.0561070183757693 0.740994453430176 683 2013
0 Male 3to5 0.0426025707274675 0.653820037841797 677 2013
1 Male 3to5 0.0493682775631896 0.661246538162231 685 2013
1 Male 3to5 0.0771850612800336 0.553785800933838 674 2013
1 Male 3to5 0.100776398394373 0.578958511352539 688 2013
1 Male 3to5 0.0640326328575611 0.697151184082031 680 2013
0 Female 3to5 0.201211399282329 0.531766891479492 691 2013
1 Female 3to5 0.101309623423731 0.587551116943359 693 2013
0 Male 3to5 0.0680520935129607 0.60060453414917 675 2013
1 Male 1 0.0525271317428633 0.674672484397888 753 2013
1 Female 1 0.115768195030796 0.565709471702576 773 2013
1 Female 2 0 0.7631676197052 728 2013
0 Female 2 0 0.792401790618896 745 2013
1 Female 2 0.100333418937225 0.552460432052612 741 2013
0 Male 2 0.0818473374238238 0.548752307891846 722 2013
1 Male 2 0.0259108410682529 0.651979207992554 699 2013
0 Male 2 0.0826197068672627 0.568960189819336 718 2013
1 Male 2 0.0826197068672627 0.568960189819336 708 2013
1 Male 2 0.0585696307898615 0.611093521118164 703 2013
1 Male 2 0.148752804270771 0.559906959533691 700 2013
0 Female 2 0.0408054559957236 0.680322170257568 727 2013
1 Female 2 0.0927223639155272 0.578585624694824 729 2013
1 Male 2 0 0.7631676197052 716 2013
0 Male 2 0.137505148886703 0.619916081428528 723 2013
0 Male 2 0.129488928449064 0.571770668029785 714 2013
0 Female 2 0.129488928449064 0.571770668029785 736 2013
1 Female 1 0.0713507838954683 0.674565196037292 769 2013
0 Male 1 0.112153572172247 0.565363168716431 752 2013
0 Female 1 0.0260621042089042 0.766698122024536 765 2013
1 Female 1 0.115768195030796 0.565709471702576 767 2013
0 Male 1 0.142688085397822 0.576881885528564 757 2013
0 Male 1 0.0825934675922326 0.571430206298828 754 2013
0 Female 1 0.0825934675922326 0.571430206298828 776 2013
0 Male 1 0.308628649137972 0.60060453414917 762 2013
1 Male 1 0.086494202132144 0.631536364555359 755 2013
0 Male 1 0 0.792401790618896 760 2013
0 Female 1 0 0.792401790618896 771 2013
0 Male 1 0.114241530998697 0.55694317817688 750 2013
0 Female 1 0.0259108410682529 0.651979207992554 774 2013
0 Male 1 0.0259108410682529 0.651979207992554 758 2013
1 Female 1 0.0259108410682529 0.651979207992554 768 2013
1 Male 1 0.0260621042089042 0.766698122024536 756 2013
1 Male 1 0.039813040260924 0.703000068664551 761 2013
0 Male 1 0.111287746589369 0.591432094573975 759 2013
1 Female 1 0.142688085397822 0.576881885528564 764 2013
0 Female 6p 0.0858993791043758 0.59088134765625 609 2014
1 Male 3to5 0.114241530998697 0.55694317817688 721 2014
0 Male 3to5 0.0585696307898615 0.611093521118164 705 2014
0 Male 3to5 0.0927223639155272 0.578585624694824 715 2014
1 Male 3to5 0 0.792401790618896 725 2014
1 Male 3to5 0.0806521859958593 0.611916065216064 711 2014
1 Female 3to5 0.192084701244312 0.572181463241577 735 2014
1 Female 2 0 0.792401790618896 772 2014
0 Female 2 0.0867182600977685 0.595396757125854 775 2014
0 Female 3to5 0.127941379367257 0.569644451141357 655 2014
0 Male 3to5 0.0493682775631896 0.661246538162231 685 2014
1 Male 3to5 0.0771850612800336 0.553785800933838 674 2014
0 Male 3to5 0.100776398394373 0.578958511352539 688 2014
1 Male 3to5 0.0640326328575611 0.697151184082031 680 2014
0 Female 3to5 0.101309623423731 0.587551116943359 693 2014
0 Male 2 0.0525271317428633 0.674672484397888 753 2014
0 Female 2 0.115768195030796 0.565709471702576 773 2014
0 Male 1 0 0.784822225570679 780 2014
1 Male 1 0.115768195030796 0.565709471702576 789 2014
0 Male 1 0.115768195030796 0.565709471702576 783 2014
1 Female 1 0.115768195030796 0.565709471702576 796 2014
0 Female 1 0.0713440426989109 0.680680990219116 800 2014
1 Male 1 0.0713440426989109 0.680680990219116 784 2014
0 Female 1 0.0713440426989109 0.680680990219116 794 2014
0 Female 1 0.0428132959232244 0.721744894981384 797 2014
0 Female 1 0.0358800253311529 0.707573413848877 798 2014
1 Male 1 0.0358800253311529 0.707573413848877 782 2014
0 Male 1 0.0660304763459862 0.615282416343689 779 2014
1 Male 1 0.114455667518087 0.66005539894104 785 2014
0 Female 1 0.114455667518087 0.66005539894104 795 2014
1 Female 1 0.133619293143056 0.614430546760559 799 2014
0 Male 1 0.0876775004912815 0.614175498485565 781 2014
1 Male 1 0.148312399970337 0.58840149641037 790 2014
0 Male 1 0.148312399970337 0.58840149641037 802 2014
1 Female 1 0 0.784822225570679 793 2014
0 Male 1 0 0.776230216026306 786 2014
1 Male 1 0.0358800253311529 0.707573413848877 792 2014
0 Male 1 0.0358800253311529 0.707573413848877 791 2014
1 Male 1 0.114980940959867 0.594839572906494 787 2014
0 Male 1 0.109574821683054 0.566185712814331 788 2014
1 Female 1 0.156555849873712 0.733537137508392 801 2014
0 Female 3to5 0 0.7631676197052 728 2014
1 Female 3to5 0.100333418937225 0.552460432052612 741 2014
0 Male 3to5 0.0259108410682529 0.651979207992554 699 2014
0 Male 3to5 0.0826197068672627 0.568960189819336 708 2014
0 Male 3to5 0.0585696307898615 0.611093521118164 703 2014
1 Male 3to5 0.148752804270771 0.559906959533691 700 2014
0 Female 3to5 0.0927223639155272 0.578585624694824 729 2014
1 Male 3to5 0 0.7631676197052 716 2014
0 Female 2 0.0713507838954683 0.674565196037292 769 2014
0 Female 2 0.115768195030796 0.565709471702576 767 2014
0 Male 2 0.086494202132144 0.631536364555359 755 2014
1 Female 2 0.0259108410682529 0.651979207992554 768 2014
0 Male 2 0.0260621042089042 0.766698122024536 756 2014
1 Male 2 0.039813040260924 0.703000068664551 761 2014
1 Female 2 0.142688085397822 0.576881885528564 764 2014
0 Male 3to5 0.114241530998697 0.55694317817688 721 2015
0 Male 3to5 0 0.792401790618896 725 2015
0 Male 3to5 0.0806521859958593 0.611916065216064 711 2015
1 Female 3to5 0.192084701244312 0.572181463241577 735 2015
1 Female 3to5 0 0.792401790618896 772 2015
1 Male 3to5 0.0771850612800336 0.553785800933838 674 2015
0 Male 1 0.0308098409732338 0.740986704826355 804 2015
0 Male 1 0.100342455461941 0.700052320957184 806 2015
0 Female 1 0 0.80721527338028 807 2015
0 Male 3to5 0.0640326328575611 0.697151184082031 680 2015
1 Male 2 0.115768195030796 0.565709471702576 789 2015
0 Female 2 0.115768195030796 0.565709471702576 796 2015
1 Male 2 0.0713440426989109 0.680680990219116 784 2015
1 Male 2 0.0358800253311529 0.707573413848877 782 2015
0 Male 2 0.114455667518087 0.66005539894104 785 2015
1 Female 2 0.133619293143056 0.614430546760559 799 2015
0 Male 2 0.148312399970337 0.58840149641037 790 2015
1 Female 2 0 0.784822225570679 793 2015
0 Male 2 0.0358800253311529 0.707573413848877 792 2015
1 Male 2 0.114980940959867 0.594839572906494 787 2015
1 Female 2 0.156555849873712 0.733537137508392 801 2015
0 Female 1 0.0332946353591979 0.730159401893616 808 2015
0 Male 1 0.0584232234905357 0.659579277038574 805 2015
1 Male 1 0.0863918846328033 0.608844339847565 803 2015
1 Female 3to5 0.100333418937225 0.552460432052612 741 2015
0 Male 3to5 0.148752804270771 0.559906959533691 700 2015
0 Male 3to5 0 0.7631676197052 716 2015
1 Female 3to5 0.0259108410682529 0.651979207992554 768 2015
0 Male 3to5 0.039813040260924 0.703000068664551 761 2015
0 Female 3to5 0.142688085397822 0.576881885528564 764 2015
0 Female 1 0.0824184417724609 0.39501953125 450 2001
