row column Ainv
1 1 1.5
2 2 1.5
3 3 1.5
4 4 1.5
5 5 1.5
6 6 1.5
7 7 1.5
8 8 2.5
9 2 0.5
9 9 1.5
10 3 0.5
10 10 1.5
11 4 0.5
11 11 1.5
12 5 0.5
12 12 1.5
13 8 1.5
13 13 2.5
14 6 0.5
14 14 1.5
15 15 2.5
16 7 0.5
16 16 1.5
17 17 1.5
18 18 2
19 19 1.5
20 20 2
21 21 2.5
22 22 1.5
23 23 1.5
24 19 0.5
24 24 1.5
25 18 1
25 25 2
26 26 1.5
27 27 2.5
28 21 1.5
28 28 2.5
29 29 1.5
30 20 1
30 30 2
31 31 1.5
32 32 2.5
33 33 2.00542941757157
34 34 4.58579289644822
35 35 5.05319196281199
36 36 5.54512833570445
37 37 1.50693069306931
38 38 2.00378317940235
39 39 4.09021969047586
40 40 2.5492357044959
41 41 3.0547611186019
42 42 2.51570473924617
43 43 1.52154580789464
44 44 3.55288360043574
45 45 1.52243857458867
46 46 1.51600422299894
47 47 7.82736409649771
48 48 1.53588290788416
49 49 2.59508208059199
50 3 -1
50 10 -1
50 50 2.5
51 4 -1
51 11 -1
51 51 2.5
52 6 -1
52 14 -1
52 15 1.5
52 52 3.5
53 2 -1
53 9 -1
53 53 2.5
54 1 0.5
54 8 -1
54 13 -1
54 54 2.5
55 7 -1
55 16 -1
55 50 0.5
55 53 0.5
55 55 3
56 5 -1
56 12 -1
56 56 2.5
57 8 -1
57 13 -1
57 57 2.5
58 8 -1
58 13 -1
58 51 0.5
58 58 2.5
59 21 -1
59 28 -1
59 59 2.5
60 20 -1
60 30 -1
60 60 3
61 21 -1
61 28 -1
61 61 3
62 18 -1
62 25 -1
62 62 3
63 18 -1
63 25 -1
63 60 1
63 63 3
64 19 -1
64 24 -1
64 61 1
64 64 3
65 20 -1
65 30 -1
65 56 0.5
65 65 2.5
66 21 -1
66 28 -1
66 66 2.5
67 15 -1
67 26 0.5
67 52 -1
67 67 2.5
68 1 -1
68 54 -1
68 57 0.5
68 68 2.5
69 27 0.5
69 50 -1
69 55 -1
69 69 2.5
70 15 -1
70 17 0.5
70 52 -1
70 70 2.5
71 51 -1
71 58 -1
71 62 1
71 71 3
72 15 -1
72 52 -1
72 72 3
73 53 -1
73 55 -1
73 72 1
73 73 3
74 56 -1
74 65 -1
74 74 2.5
75 31 0.5
75 61 -1
75 64 -1
75 75 2.5
76 60 -1
76 63 -1
76 76 3
77 60 -1
77 63 -1
77 77 2.5
78 61 -1
78 64 -1
78 76 1
78 78 3
79 57 -1
79 68 -1
79 79 2.53333333333333
80 17 -1
80 29 0.5
80 70 -1
80 80 2.5
81 72 -1
81 73 -1
81 77 0.5
81 79 0.533333333333333
81 81 3.03333333333333
82 22 0.5
82 72 -1
82 73 -1
82 82 2.5
83 23 0.5
83 27 -1
83 69 -1
83 83 3
84 62 -1
84 71 -1
84 84 2.5
85 62 -1
85 71 -1
85 83 0.5
85 85 2.5
86 26 -1
86 67 -1
86 86 2.5
87 32 1.5
87 76 -1
87 78 -1
87 87 3.5
88 76 -1
88 78 -1
88 88 4.5
89 31 -1
89 75 -1
89 89 2.5
90 27 1
90 29 -1
90 80 -1
90 90 3
91 79 -1.06666666666667
91 81 -1.06666666666667
91 91 2.63333333333333
92 23 -1
92 83 -1
92 84 0.5
92 92 2.5
93 22 -1
93 82 -1
93 91 0.5
93 93 2.5
94 74 0.5
94 83 -1
94 85 -1
94 94 2.5
95 77 -1
95 81 -1
95 95 11.5034213098729
96 32 -1
96 87 -1
96 96 4.53958075953885
97 32 -1
97 87 -1
97 88 1.5
97 95 1.5
97 97 9.62143700608989
98 32 -1
98 87 -1
98 98 3.5
99 27 -1
99 86 0.5
99 90 -1
99 99 2.5
100 27 -1
100 66 0.5
100 90 -1
100 100 2.5
101 91 -1
101 93 -1
101 101 2.55172413793103
102 84 -1
102 89 0.5
102 92 -1
102 102 2.5
103 74 -1
103 88 1
103 94 -1
103 95 4
103 103 7
104 88 -1
104 97 -1
104 104 5.23965199050883
105 88 -1
105 97 -1
105 105 2.53333333333333
106 88 -1
106 97 -1
106 106 3.64190272581507
107 95 -1
107 97 -1
107 107 3.10096428451433
108 95 -1
108 97 -1
108 108 3.01977748385591
109 95 -1
109 97 -1
109 109 2
110 59 0.5
110 66 -1
110 100 -1
110 110 2.5
111 86 -1
111 99 -1
111 111 3.54916792738275
112 89 -1
112 98 0.5
112 102 -1
112 112 5.00580390219807
113 88 -1
113 103 -1
113 113 3.03696202531646
114 36 2.5296442687747
114 88 -1
114 103 -1
114 114 4.5296442687747
115 36 1.01386138613861
115 95 -1
115 103 -1
115 115 3.56207794238569
116 35 3.04158415841584
116 95 -1
116 103 -1
116 116 5.04158415841584
117 37 0.506930693069307
117 95 -1
117 103 -1
117 117 3.53862431272113
118 95 -1
118 103 -1
118 118 3.52079207920792
119 95 -1
119 96 1.01386138613861
119 103 -1
119 119 5.07115450543233
120 95 -1
120 103 -1
120 120 4.68422406363938
121 95 -1
121 103 -1
121 121 4.02966726750479
122 95 -1
122 103 -1
122 117 0.514056224899598
122 122 3.52791761103821
123 59 -1
123 101 0.551724137931034
123 110 -1
123 123 2.55172413793103
124 36 -1.01185770750988
124 114 -1.01185770750988
124 124 2.52371541501976
125 36 -1.01185770750988
125 114 -1.01185770750988
125 122 1.01386138613861
125 125 3.61780841216521
126 98 -1
126 112 -1
126 120 0.512
126 126 2.512
127 36 -1.01185770750988
127 114 -1.01185770750988
127 127 3.02371541501976
128 36 -1.01185770750988
128 97 1.5
128 98 1
128 114 -1.01185770750988
128 128 5.02371541501976
129 36 -1.01185770750988
129 95 0.5
129 114 -1.01185770750988
129 129 2.52371541501976
130 35 -1.01386138613861
130 36 0.5
130 116 -1.01386138613861
130 130 6.12118106542915
131 117 -1.0281124497992
131 122 -1.0281124497992
131 131 3.89584386173618
132 36 -1.01386138613861
132 115 -1.01386138613861
132 132 2.52772277227723
133 35 -1.01386138613861
133 105 0.533333333333333
133 116 -1.01386138613861
133 133 2.56105610561056
134 35 -1.01386138613861
134 116 -1.01386138613861
134 128 0.5
134 134 4.02772277227723
135 36 -1.01386138613861
135 115 -1.01386138613861
135 135 3.08094915528397
136 96 -1.01386138613861
136 119 -1.01386138613861
136 136 3.58717640147173
137 35 -1.01386138613861
137 116 -1.01386138613861
137 137 4.07713706733989
138 35 -1.01386138613861
138 116 -1.01386138613861
138 138 3.54495522050271
139 35 -1.01386138613861
139 116 -1.01386138613861
139 139 3.04082915792127
140 37 -1.01386138613861
140 117 -1.01386138613861
140 140 7.53908153781516
141 96 -1.01386138613861
141 119 -1.01386138613861
141 138 0.50542941757157
141 141 4.06339949947619
142 95 3.50342130987292
142 101 -1.10344827586207
142 123 -1.10344827586207
142 142 5.71031786159706
143 120 -1.024
143 126 -1.024
143 143 6.21624166011822
144 98 -1
144 128 -1
144 143 0.514185287471755
144 144 2.51418528747176
145 97 -1
145 128 -1
145 145 2.52933574567072
146 95 -1
146 129 -1
146 136 0.511233150274588
146 146 3.01884704893151
147 122 -1.01386138613861
147 125 -1.01386138613861
147 145 0.529335745670716
147 147 3.08825633920688
148 105 -1.06666666666667
148 133 -1.06666666666667
148 148 3.22519851207608
149 128 -1
149 134 -1
149 149 2.5233919529765
150 97 -1
150 128 -1
150 150 3.04331767889835
151 122 -1.01386138613861
151 125 -1.01386138613861
151 151 2.59231838205014
152 36 -1
152 130 -1
152 152 2.51461731148262
153 98 -1
153 128 -1
153 153 3.65411408379606
154 97 -1
154 128 -1
154 154 2
155 138 -1.01085883514314
155 141 -1.01085883514314
155 155 2.02171767028628
156 95 -1.00097751710655
156 97 1.02451225612806
156 111 1.54916792738275
156 142 -1.00097751710655
156 156 4.57563521772392
157 34 3.58579289644822
157 95 -1.00097751710655
157 142 -1.00097751710655
157 157 5.58774793066132
158 95 -1.00097751710655
158 142 -1.00097751710655
158 158 2.52030481907769
159 95 -1.00097751710655
159 142 -1.00097751710655
159 159 3.05221144446951
160 95 -1.00097751710655
160 106 1.64190272581507
160 142 -1.00097751710655
160 160 3.64385776002817
161 95 -1.00097751710655
161 113 1.03696202531646
161 142 -1.00097751710655
161 161 3.03891705952955
162 95 -1.00097751710655
162 142 -1.00097751710655
162 159 1.05025641025641
162 162 4.61308791318974
163 143 -1.02837057494351
163 144 -1.02837057494351
163 163 2.59343757114654
164 145 -1.05867149134143
164 147 -1.05867149134143
164 164 2.11734298268286
165 136 -1.02246630054918
165 146 -1.02246630054918
165 165 2.04493260109835
166 35 1.01160780439615
166 111 -1.03277861825517
166 156 -1.03277861825517
166 166 3.07716504090649
167 104 3.23965199050883
167 111 -1.03277861825517
167 112 0.505803902198074
167 156 -1.03277861825517
167 158 0.518349784864591
167 167 6.32936291408184
168 34 -1.02451225612806
168 157 -1.02451225612806
168 168 2.54902451225613
169 34 -1.02451225612806
169 134 1.5
169 157 -1.02451225612806
169 169 5.09661810064643
170 159 -1.05025641025641
170 162 -1.05025641025641
170 170 2.73451947634441
171 159 -1.05025641025641
171 162 -1.05025641025641
171 171 2.71728740265406
172 113 -1.03696202531646
172 161 -1.03696202531646
172 162 1.56087646872023
172 172 3.63480051935314
173 34 -1.02451225612806
173 157 -1.02451225612806
173 168 0.5
173 173 2.54902451225613
174 34 -1.02451225612806
174 157 -1.02451225612806
174 169 0.5
174 174 2.54902451225613
175 33 0.5
175 34 -1.02451225612806
175 124 0.5
175 157 -1.02451225612806
175 175 3.04902451225613
176 33 0.50542941757157
176 97 -1.02451225612806
176 156 -1.02451225612806
176 176 2.5544539298277
177 111 -1.03277861825517
177 130 0.505803902198074
177 156 -1.03277861825517
177 177 2.57136113870841
178 34 -1.02451225612806
178 127 1
178 157 -1.02451225612806
178 178 3.55064719304726
179 97 -1.02451225612806
179 156 -1.02451225612806
179 179 2.55711853942229
180 34 -1.02451225612806
180 112 2
180 157 -1.02451225612806
180 180 4.04902451225613
181 96 1.01530643861932
181 113 -1.03696202531646
181 161 -1.03696202531646
181 181 3.08923048925223
182 106 -1.09460181721005
182 160 -1.09460181721005
182 182 5.32981636638729
183 106 -1.09460181721005
183 160 -1.09460181721005
183 183 3.21738866881792
184 106 -1.09460181721005
184 137 1.52456575682382
184 160 -1.09460181721005
184 184 3.71376939124392
185 35 -1.01160780439615
185 118 1.52079207920792
185 166 -1.01160780439615
185 185 5.04887573037362
186 112 -1.01160780439615
186 119 1.01922239502333
186 167 -1.01160780439615
186 179 0.50809402716616
186 186 3.55053203098178
187 35 -1.01160780439615
187 121 1.52079207920792
187 140 2
187 166 -1.01160780439615
187 187 6.08412768536291
188 115 0.548216556247072
188 135 0.540119997362695
188 158 -1.03669956972918
188 167 -1.03669956972918
188 170 0.634006655831592
188 187 0.540119997362695
188 188 4.33586234626242
189 112 -1
189 141 1.01417517796348
189 178 0.501622680791133
189 180 -1
189 189 5.54478827845678
190 38 1.00378317940235
190 127 -1
190 178 -1
190 190 3.00378317940235
191 104 -1.07988399683628
191 167 -1.07988399683628
191 191 3.16789007095535
192 151 0.564595609772907
192 162 -1.04058431248015
192 172 -1.04058431248015
192 192 2.64576423473321
193 168 -1
193 173 -1
193 193 2.61334581188582
194 121 0.508875188296865
194 127 -1
194 146 0.507613898656918
194 178 -1
194 194 4.53701046823507
195 104 -1.07988399683628
195 167 -1.07988399683628
195 195 4.29744868908026
196 33 -1.01085883514314
196 132 0.5
196 176 -1.01085883514314
196 196 2.52171767028628
197 33 -1
197 175 -1
197 191 1.0081220772828
197 197 3.0081220772828
198 108 1.01977748385591
198 124 -1
198 175 -1
198 198 4.53361397152858
199 112 -1
199 180 -1
199 185 1.5048680423734
199 194 1.00705318315227
199 199 5.52060188796487
200 104 -1.07988399683628
200 167 -1.07988399683628
200 195 0.50818858560794
200 200 2.6679565792805
201 104 -1.07988399683628
201 130 0.504061038641398
201 167 -1.07988399683628
201 201 2.66382903231395
202 112 -1
202 180 -1
202 182 2.549324702807
202 202 5.57856057896063
203 96 -1.01530643861932
203 181 -1.01530643861932
203 203 2.55511067635829
204 36 0.501622680791133
204 112 -1
204 140 3.51135876553793
204 180 -1
204 204 6.01298144632907
205 104 -1.07988399683628
205 167 -1.07988399683628
205 205 2.69341944198464
206 97 0.573388395044446
206 169 -1
206 174 -1
206 206 2.57338839504445
207 104 -1.07988399683628
207 167 -1.07988399683628
207 207 5.7509385225727
208 96 -1.01530643861932
208 181 -1.01530643861932
208 194 0.513468198129025
208 208 2.54408107536767
209 96 0.510412934780916
209 117 0.517637394752223
209 130 -1.01160780439615
209 147 0.531197821258936
209 177 -1.01160780439615
209 209 6.23019675630106
210 148 0.545933157842125
210 162 -1.04058431248015
210 172 -1.04058431248015
210 210 2.62710178280243
211 107 1.10096428451433
211 153 1.65411408379606
211 162 -1.04058431248015
211 172 -1.04058431248015
211 211 4.8362469932707
212 134 -1
212 169 -1
212 212 2
213 134 -1
213 169 -1
213 213 2
214 134 -1
214 169 -1
214 214 2
215 137 -1.01637717121588
215 184 -1.01637717121588
215 215 3.08492997826467
216 137 -1.01637717121588
216 184 -1.01637717121588
216 216 2.03275434243176
217 137 -1.01637717121588
217 184 -1.01637717121588
217 217 3.07082192408637
218 118 -1.01386138613861
218 141 0.516072131663911
218 185 -1.01386138613861
218 218 4.09426462990005
219 115 -1.09643311249414
219 188 -1.09643311249414
219 193 0.613345811885821
219 219 4.97285474442002
220 171 0.616774582141244
220 187 -1.08023999472539
220 188 -1.08023999472539
220 220 2.77725457159203
221 121 -1.01386138613861
221 163 0.53669642125952
221 187 -1.01386138613861
221 221 4.13673334434824
222 183 1.02818503439782
222 191 -1.0081220772828
222 197 -1.0081220772828
222 209 0.516368965544411
222 219 0.536542633754963
222 222 5.13978523763014
223 120 2.17222406363938
223 178 -1.00324536158227
223 189 -1.00324536158227
223 209 1.09410841583332
223 223 5.27282320263723
224 97 0.510412934780916
224 121 -1.01386138613861
224 187 -1.01386138613861
224 224 4.64399755164736
225 182 -1.0197298811228
225 202 -1.0197298811228
225 225 4.63999148717715
226 118 -1.01386138613861
226 185 -1.01386138613861
226 209 0.521268811046419
226 226 2.54899158332365
227 97 0.505277441539517
227 132 -1
227 196 -1
227 227 3.03935399664143
228 143 1.05271950396762
228 179 -1.01618805433232
228 186 -1.01618805433232
228 228 3.08509561263226
229 108 -1.01977748385591
229 130 1.02621277128809
229 135 0.513106385644045
229 198 -1.01977748385591
229 229 4.11415573842785
230 150 1.04331767889835
230 182 -1.0197298811228
230 202 -1.0197298811228
230 230 3.60704604320567
231 125 0.580231611006835
231 182 0.591288029160201
231 195 -1.01637717121588
231 200 -1.01637717121588
231 231 3.2042739825988
232 130 -1.0081220772828
232 201 -1.0081220772828
232 225 2.60053172493155
232 232 4.61677587949714
233 131 1.22597451186718
233 146 -1.01522779731384
233 194 -1.01522779731384
233 233 3.25643010649485
234 185 -1.00324536158227
234 199 -1.00324536158227
234 207 1.01899260664391
234 218 0.515986804292542
234 234 4.05616726771326
235 38 -1.00378317940235
235 189 1.5048680423734
235 190 -1.00378317940235
235 207 0.504061038641398
235 218 0.510412934780916
235 235 4.52690837460041
236 38 -1.00378317940235
236 139 0.5
236 190 -1.00378317940235
236 236 2.5075663588047
237 140 -1.00324536158227
237 204 -1.00324536158227
237 237 3.03961938343615
238 135 -1.08023999472539
238 152 0.514617311482619
238 188 -1.08023999472539
238 238 2.6750973009334
239 185 -1.00324536158227
239 199 -1.00324536158227
239 209 0.515986804292542
239 239 3.06115909905004
240 36 -1.00324536158227
240 204 -1.00324536158227
240 240 3.58066075134336
241 140 -1.00324536158227
241 204 -1.00324536158227
241 241 2.53048057294001
242 96 -1.02082586956183
242 198 1.51383648767267
242 199 1.0086806624392
242 209 -1.02082586956183
242 242 4.56416888923553
243 194 -1.02693639625805
243 203 0.524497799119648
243 208 -1.02693639625805
243 221 1.04673374860246
243 243 3.62510434023821
244 170 -1.26801331166318
244 188 -1.26801331166318
244 244 2.53602662332637
245 191 -1.0081220772828
245 197 -1.0081220772828
245 245 2.01624415456559
246 151 -1.12919121954581
246 192 -1.12919121954581
246 222 0.531458437235177
246 246 2.78984087632681
247 119 -1.01922239502333
247 186 -1.01922239502333
247 247 2.56697796853629
248 117 -1.03527478950445
248 131 0.613644450270604
248 169 0.528183884330824
248 209 -1.03527478950445
248 227 0.534076555101908
248 248 4.31272827370998
249 121 -1.01775037659373
249 169 0.519409704059473
249 194 -1.01775037659373
249 249 2.55491045724693
250 107 -1.10096428451433
250 207 0.537938733296122
250 211 -1.10096428451433
250 250 2.73986730232478
251 118 -1.01386138613861
251 185 -1.01386138613861
251 251 2.02772277227723
252 119 -1.01922239502333
252 149 0.523391952976504
252 186 -1.01922239502333
252 218 0.524069986885456
252 252 5.17507594575946
253 108 -1.01977748385591
253 139 0.513106385644045
253 198 -1.01977748385591
253 253 2.55266135335586
254 185 -1.00324536158227
254 199 -1.00324536158227
254 254 2.00649072316453
255 140 -1.00324536158227
255 204 -1.00324536158227
255 255 2.00649072316453
256 140 -1.00324536158227
256 204 -1.00324536158227
256 256 2.00649072316453
257 182 -1.0197298811228
257 202 -1.0197298811228
257 257 2.0394597622456
258 107 -1.10096428451433
258 211 -1.10096428451433
258 258 2.20192856902866
259 97 0.507845978596945
259 141 -1.01417517796348
259 189 -1.01417517796348
259 259 3.58725031338887
260 147 -1.06239564251787
260 209 -1.06239564251787
260 260 4.20385542700065
261 148 -1.09186631568425
261 210 -1.09186631568425
261 261 2.7203257855809
262 138 1.01180303065391
262 140 -1.00324536158227
262 204 -1.00324536158227
262 207 1.53017815031871
262 262 4.54847190413716
263 121 -1.01386138613861
263 187 -1.01386138613861
263 237 1.03312866027162
263 263 3.06085143254885
264 140 -1
264 187 -1
264 264 3.07976834803813
265 97 -1.14677679008889
265 206 -1.14677679008889
265 260 2.07906414196491
265 265 4.37261772214269
266 182 -1.0197298811228
266 202 -1.0197298811228
266 266 2.0394597622456
267 182 -1.0197298811228
267 202 -1.0197298811228
267 267 4.14656744348457
268 140 -1
268 187 -1
268 222 0.510986012132175
268 268 2.51098601213218
269 130 0.509843124594003
269 153 -1.10274272253071
269 211 -1.10274272253071
269 267 1.04573578161713
269 269 3.76106435127255
270 141 -1.01417517796348
270 189 -1.01417517796348
270 270 2.02835035592696
271 140 -1.00324536158227
271 204 -1.00324536158227
271 259 0.513935287567245
271 271 2.52042601073178
272 194 -1.00705318315227
272 199 -1.00705318315227
272 272 2.55708027023437
273 194 -1.00705318315227
273 199 -1.00705318315227
273 273 2.01410636630453
274 140 -1
274 187 -1
274 274 2
275 153 -1.10274272253071
275 211 -1.10274272253071
275 275 2.20548544506142
276 153 -1.10274272253071
276 211 -1.10274272253071
276 276 2.74224065840167
277 140 -1.00324536158227
277 204 -1.00324536158227
277 277 2.00649072316453
278 140 -1
278 187 -1
278 278 2
279 171 -1.23354916428249
279 195 1.62949210979976
279 220 -1.23354916428249
279 279 4.09659043836474
280 119 1.03807072427038
280 125 -1.16046322201367
280 219 1.63010007379095
280 231 -1.16046322201367
280 280 4.98909724208867
281 182 -1.1825760583204
281 231 -1.1825760583204
281 248 0.566273804997753
281 264 1.07976834803813
281 281 6.29273947110079
282 143 -1.05271950396762
282 228 -1.05271950396762
282 282 2.10543900793523
283 189 -1.00324536158227
283 234 0.514697133612269
283 235 -1.00324536158227
283 283 2.5211878567768
284 139 -1
284 236 -1
284 284 2
285 183 -1.02818503439782
285 222 -1.02818503439782
285 285 2.05637006879564
286 136 0.528520391293478
286 143 -1.05271950396762
286 228 -1.05271950396762
286 286 2.63395939922871
287 39 0.515394355009948
287 120 -1.08611203181969
287 223 -1.08611203181969
287 287 2.68761841864933
288 131 -1.22597451186718
288 233 -1.22597451186718
288 239 0.538681571592964
288 288 2.99063059532733
289 120 -1.08611203181969
289 223 -1.08611203181969
289 224 2.10586184458922
289 289 4.8118536228401
290 163 -1.07339284251904
290 221 -1.07339284251904
290 290 2.14678568503808
291 148 0.545932020900626
291 218 -1.03197360858508
291 234 -1.03197360858508
291 281 1.74368593645029
291 291 4.35356517452108
292 135 -1.02621277128809
292 189 0.524122377328764
292 229 -1.02621277128809
292 292 2.57654791990494
293 183 -1.02818503439782
293 222 -1.02818503439782
293 293 2.05637006879564
294 131 -1.22597451186718
294 233 -1.22597451186718
294 294 2.45194902373436
295 139 -1.02621277128809
295 253 -1.02621277128809
295 295 2.58924066016012
296 218 -1.02082586956183
296 235 -1.02082586956183
296 296 2.57881610616603
297 225 -1.04021268997262
297 232 -1.04021268997262
297 297 2.60327449916914
298 202 0.516364897020123
298 225 -1.04021268997262
298 232 -1.04021268997262
298 247 0.528533178489629
298 298 3.64817257467889
299 193 -1.22669162377164
299 219 -1.22669162377164
299 299 2.45338324754329
300 152 -1.02923462296524
300 238 -1.02923462296524
300 300 3.65733398430594
301 150 -1.04331767889835
301 230 -1.04331767889835
301 301 2.0866353577967
302 205 0.533651448312084
302 207 -1.07587746659224
302 240 1.05820353576842
302 250 -1.07587746659224
302 302 4.29927817053173
303 189 -1.00324536158227
303 235 -1.00324536158227
303 303 2.00649072316453
304 203 -1.0489955982393
304 243 -1.0489955982393
304 304 2.09799119647859
305 120 -1.08611203181969
305 223 -1.08611203181969
305 305 2.17222406363938
306 221 -1.04673374860246
306 243 -1.04673374860246
306 306 2.09346749720492
307 222 -1.06291687447035
307 246 -1.06291687447035
307 307 2.12583374894071
308 120 -1.08611203181969
308 223 -1.08611203181969
308 308 2.17222406363938
309 131 -1.22728890054121
309 248 -1.22728890054121
309 309 2.45457780108242
310 169 -1.03881940811895
310 249 -1.03881940811895
310 310 2.07763881623789
311 209 -1.04253762209284
311 226 -1.04253762209284
311 311 3.21546671829905
312 150 -1.04331767889835
312 230 -1.04331767889835
312 312 2.0866353577967
313 237 -1.03312866027162
313 263 -1.03312866027162
313 313 2.06625732054324
314 207 -1.02011876687914
314 262 -1.02011876687914
314 297 0.522849119223896
314 298 0.522849119223896
314 314 3.61809061728081
315 39 0.507739746192107
315 207 -1.02011876687914
315 262 -1.02011876687914
315 300 1.59886473837546
315 315 4.14684201832585
316 227 -1.06815311020382
316 241 0.523989849775478
316 248 -1.06815311020382
316 316 2.66029607018311
317 143 2.60133686867885
317 225 -1.04021268997262
317 232 -1.04021268997262
317 317 4.68176224862409
318 97 -1.01569195719389
318 215 0.531887610174169
318 259 -1.01569195719389
318 318 2.56327152456195
319 149 -1.04678390595301
319 240 0.515966492410405
319 252 -1.04678390595301
319 319 2.60953430431642
320 141 -1.03214426332782
320 218 -1.03214426332782
320 295 0.536815117583939
320 320 2.60110364423958
321 209 -1.03197360858508
321 239 -1.03197360858508
321 321 2.06394721717017
322 207 -1.02011876687914
322 262 -1.02011876687914
322 322 2.04023753375828
323 189 -1.00324536158227
323 235 -1.00324536158227
323 323 2.00649072316453
324 260 -1.03953207098245
324 265 -1.03953207098245
324 324 2.07906414196491
325 198 -1.00922432511511
325 242 -1.00922432511511
325 325 2.01844865023022
326 207 -1.01899260664391
326 234 -1.01899260664391
326 326 2.03798521328783
327 209 -1.03273793108882
327 222 -1.03273793108882
327 327 2.06547586217764
328 207 -1.01899260664391
328 234 -1.01899260664391
328 328 2.03798521328783
329 225 -1.04021268997262
329 232 -1.04021268997262
329 329 2.08042537994524
330 225 -1.04021268997262
330 232 -1.04021268997262
330 330 2.08042537994524
331 97 -1.01055488307903
331 227 -1.01055488307903
331 331 2.02110976615807
332 207 -1.0081220772828
332 235 -1.0081220772828
332 332 5.18442664798772
333 199 -1.0086806624392
333 242 -1.0086806624392
333 333 3.06490444735964
334 222 -1.02197202426435
334 268 -1.02197202426435
334 334 2.0439440485287
335 199 -1.0086806624392
335 242 -1.0086806624392
335 252 1.55847305976612
335 335 9.78130000344022
336 40 0.513135512765553
336 221 -1.04673374860246
336 243 -1.04673374860246
336 336 3.15115402553514
337 219 -1.07308526750993
337 222 -1.07308526750993
337 337 2.14617053501985
338 198 -1.00922432511511
338 242 -1.00922432511511
338 338 2.01844865023022
339 40 0.511270042185864
339 209 -1.09410841583332
339 223 -1.09410841583332
339 339 2.6994868738525
340 130 -1.02621277128809
340 136 0.519700087626434
340 229 -1.02621277128809
340 340 2.57212563020261
341 198 -1.00922432511511
341 242 -1.00922432511511
341 341 2.55303219471343
342 137 0.524848538238839
342 259 -1.02787057513449
342 271 -1.02787057513449
342 342 3.11889350497723
343 130 -1.01968624918801
343 269 -1.01968624918801
343 343 2.03937249837601
344 209 -1.09410841583332
344 217 0.523163199121888
344 223 -1.09410841583332
344 344 3.23540968416941
345 97 -1.02082586956183
345 217 0.514904382532724
345 224 -1.02082586956183
345 281 0.537859264973819
345 345 4.644405284281
346 260 -1.03953207098245
346 265 -1.03953207098245
346 346 2.07906414196491
347 169 -1.05636776866165
347 248 -1.05636776866165
347 347 2.1127355373233
348 130 -1.02621277128809
348 229 -1.02621277128809
348 348 2.05242554257618
349 138 -1.01180303065391
349 262 -1.01180303065391
349 349 2.02360606130783
350 218 -1.04813997377091
350 252 -1.04813997377091
350 350 2.09627994754182
351 138 -1.01180303065391
351 262 -1.01180303065391
351 351 2.54982211693565
352 267 -1.04573578161713
352 269 -1.04573578161713
352 352 2.6196235229717
353 39 1.02828586334449
353 237 -1.03312866027162
353 263 -1.03312866027162
353 351 0.52621605562782
353 353 4.13490217118779
354 215 0.520288025658736
354 260 -1.03953207098245
354 265 -1.03953207098245
354 352 0.528151959737439
354 354 4.19462617498781
355 267 -1.04573578161713
355 269 -1.04573578161713
355 355 2.09147156323426
356 260 -1.03953207098245
356 265 -1.03953207098245
356 356 2.07906414196491
357 195 -1.08632807319984
357 279 -1.08632807319984
357 357 2.17265614639968
358 202 0.512870979133509
358 230 0.524268602061724
358 239 -1.07736314318593
358 288 -1.07736314318593
358 358 3.19186586756709
359 119 -1.03807072427038
359 280 -1.03807072427038
359 289 0.5337677146115
359 359 2.60990916315227
360 189 -1.04824475465753
360 292 -1.04824475465753
360 360 2.09648950931506
361 119 -1.03807072427038
361 261 0.536593154212399
361 267 1.06137189962184
361 280 -1.03807072427038
361 333 1.04754312248123
361 361 7.82529223111537
362 281 -1.16245729096686
362 291 -1.16245729096686
362 362 2.32491458193372
363 247 -1.05706635697926
363 272 0.542973903929842
363 298 -1.05706635697926
363 363 2.65710661788836
364 219 -1.0867333825273
364 229 0.535281613783894
364 280 -1.0867333825273
364 364 2.70874837883849
365 264 -1.07976834803813
365 281 -1.07976834803813
365 365 2.69346966115748
366 224 -1.05293092229461
366 276 0.536755213340254
366 289 -1.05293092229461
366 366 2.64261705792948
367 148 -1.09186404180125
367 252 0.530696156084723
367 291 -1.09186404180125
367 367 2.71442423968723
368 219 -1.0867333825273
368 280 -1.0867333825273
368 368 2.1734667650546
369 221 0.525580402209032
369 281 -1.16245729096686
369 291 -1.16245729096686
369 369 2.85049498414275
370 264 -1.07976834803813
370 281 -1.07976834803813
370 370 2.15953669607625
371 195 -1.08632807319984
371 259 0.53711869129772
371 279 -1.08632807319984
371 371 2.7097748376974
372 130 0.52834995444981
372 195 -1.08632807319984
372 279 -1.08632807319984
372 311 1.13039147411338
372 372 3.83139757496287
373 248 -1.13254760999551
373 281 -1.13254760999551
373 373 2.26509521999101
374 240 -1.05820353576842
374 302 -1.05820353576842
374 374 2.11640707153684
375 224 -1.05293092229461
375 289 -1.05293092229461
375 375 2.10586184458922
376 281 -1.16245729096686
376 291 -1.16245729096686
376 376 2.32491458193372
377 240 -1.05820353576842
377 302 -1.05820353576842
377 377 2.11640707153684
378 234 -1.02939426722454
378 283 -1.02939426722454
378 378 2.05878853444908
379 300 -1.06590982558364
379 315 -1.06590982558364
379 379 2.13181965116728
380 240 -1.03193298482081
380 319 -1.03193298482081
380 380 2.06386596964162
381 297 -1.04569823844779
381 314 -1.04569823844779
381 381 2.09139647689558
382 202 -1.03272979404025
382 298 -1.03272979404025
382 382 2.06545958808049
383 39 -1.0307887100199
383 287 -1.0307887100199
383 383 3.12305434521919
384 224 -1.05293092229461
384 289 -1.05293092229461
384 384 2.10586184458922
385 219 -1.0867333825273
385 280 -1.0867333825273
385 365 0.533932965081227
385 385 2.70739973013582
386 136 -1.05704078258696
386 286 -1.05704078258696
386 386 2.11408156517391
387 205 -1.06730289662417
387 302 -1.06730289662417
387 387 2.13460579324834
388 224 -1.05293092229461
388 289 -1.05293092229461
388 341 0.534583544483202
388 388 2.64044538907242
389 241 -1.04797969955096
389 316 -1.04797969955096
389 389 2.09595939910191
390 39 -1.01547949238421
390 42 1
390 315 -1.01547949238421
390 361 3.10364260625913
390 390 7.67362313491097
391 143 -1.04053474747154
391 317 -1.04053474747154
391 391 2.08106949494308
392 298 -1.04569823844779
392 314 -1.04569823844779
392 392 2.09139647689558
393 136 -1.03940017525287
393 340 -1.03940017525287
393 393 2.07880035050574
394 300 -1.06590982558364
394 315 -1.06590982558364
394 342 0.538303816469414
394 345 0.515743674543832
394 394 4.26285848168193
395 300 -1.06590982558364
395 315 -1.06590982558364
395 344 0.524029653380883
395 345 0.515743674543832
395 395 3.171592979092
396 143 -1.04053474747154
396 317 -1.04053474747154
396 396 2.62729784925055
397 215 -1.06377522034834
397 318 -1.06377522034834
397 397 3.21664083201087
398 130 0.519187501980543
398 143 -1.04053474747154
398 317 -1.04053474747154
398 398 2.60025699692362
399 137 -1.04969707647768
399 342 -1.04969707647768
399 399 2.09939415295536
400 295 -1.07363023516788
400 320 -1.07363023516788
400 400 2.14726047033576
401 252 -1.03898203984408
401 335 -1.03898203984408
401 401 2.07796407968816
402 252 -1.03898203984408
402 335 -1.03898203984408
402 402 2.07796407968816
403 252 -1.03898203984408
403 335 -1.03898203984408
403 403 2.07796407968816
404 143 -1.04053474747154
404 317 -1.04053474747154
404 404 2.08106949494308
405 143 -1.04053474747154
405 317 -1.04053474747154
405 405 2.60025699692362
406 215 -1.04057605131747
406 354 -1.04057605131747
406 406 2.08115210263494
407 217 -1.02980876506545
407 345 -1.02980876506545
407 394 1.07699133950141
407 396 0.546228354307468
407 407 3.68283722393977
408 217 -1.04632639824378
408 344 -1.04632639824378
408 408 2.09265279648755
409 351 -1.05243211125564
409 353 -1.05243211125564
409 409 2.10486422251128
410 40 -1.02254008437173
410 339 -1.02254008437173
410 353 0.514142931672243
410 410 2.5592231004157
411 352 -1.05630391947488
411 354 -1.05630391947488
411 411 5.8241692010565
412 281 -1.07571852994764
412 296 0.537164367042373
412 345 -1.07571852994764
412 412 4.33363572358434
413 39 -1.02828586334449
413 353 -1.02828586334449
413 413 2.55657172668897
414 40 -1.02627102553111
414 336 -1.02627102553111
414 414 3.08724935700588
415 39 -1.02828586334449
415 335 1.01213704220648
415 353 -1.02828586334449
415 405 0.519187501980543
415 413 0.5
415 415 4.087896270876
416 311 -1.13039147411338
416 372 -1.13039147411338
416 397 0.547204371890398
416 416 3.36106057050694
417 229 -1.07056322756779
417 302 0.555668253266732
417 314 0.53215484507474
417 364 -1.07056322756779
417 417 3.22894955347705
418 252 -1.06139231216945
418 367 -1.06139231216945
418 418 2.12278462433889
419 40 0.524830149544479
419 202 -1.02574195826702
419 358 -1.02574195826702
419 419 2.57631406607852
420 230 -1.04853720412345
420 358 -1.04853720412345
420 397 0.541886019423798
420 420 3.72246621641168
421 221 -1.05116080441806
421 354 1.06712204762673
421 369 -1.05116080441806
421 421 3.16944365646286
422 41 1.54475259232487
422 259 -1.07423738259544
422 345 0.518502548563133
422 371 -1.07423738259544
422 422 4.73754434539622
423 261 -1.0731863084248
423 361 -1.0731863084248
423 416 0.553073250389787
423 423 2.69944586723938
424 272 -1.08594780785968
424 363 -1.08594780785968
424 424 2.17189561571937
425 311 -1.13039147411338
425 372 -1.13039147411338
425 425 2.26078294822676
426 130 -1.05669990889962
426 372 -1.05669990889962
426 426 2.65092945732165
427 365 -1.06786593016245
427 385 -1.06786593016245
427 427 2.13573186032491
428 276 -1.07351042668051
428 366 -1.07351042668051
428 428 2.14702085336102
429 267 -1.06137189962184
429 361 -1.06137189962184
429 429 2.12274379924368
430 289 -1.067535429223
430 359 -1.067535429223
430 430 2.135070858446
431 267 -1.06137189962184
431 361 -1.06137189962184
431 431 2.12274379924368
432 341 -1.0691670889664
432 388 -1.0691670889664
432 432 2.13833417793281
433 333 -1.04754312248123
433 361 -1.04754312248123
433 433 2.09508624496247
434 333 -1.04754312248123
434 361 -1.04754312248123
434 434 2.09508624496247
435 361 -1.03454753541971
435 390 -1.03454753541971
435 412 1.08482123343563
435 435 3.68834357536819
436 344 -1.04805930676177
436 395 -1.04805930676177
436 436 3.7372878370525
437 130 -1.03837500396109
437 398 -1.03837500396109
437 437 2.07675000792217
438 345 -1.03148734908766
438 395 -1.03148734908766
438 438 3.11628718108284
439 342 -1.07660763293883
439 394 -1.07660763293883
439 439 2.15321526587766
440 345 -1.03148734908766
440 394 -1.03148734908766
440 440 2.06297469817533
441 394 -1.07699133950141
441 407 -1.07699133950141
441 441 5.30992049370224
442 396 -1.09245670861494
442 407 -1.09245670861494
442 442 2.18491341722987
443 361 -1.03454753541971
443 390 -1.03454753541971
443 443 3.12790780500236
444 394 -1.07699133950141
444 407 -1.07699133950141
444 444 3.21641539125025
445 335 0.516590288116772
445 353 -1.02828586334449
445 410 -1.02828586334449
445 411 3.71156136210674
445 422 0.525814439317338
445 445 11.5459619233715
446 361 -1.03454753541971
446 390 -1.03454753541971
446 446 2.57980097499488
447 44 1.02442355011771
447 296 -1.07432873408475
447 412 -1.07432873408475
447 447 4.22700671578064
448 361 -1.03454753541971
448 390 -1.03454753541971
448 448 2.06909507083942
449 413 -1
449 415 -1
449 449 2
450 361 -1.03454753541971
450 390 -1.03454753541971
450 438 1.05331248290751
450 450 3.12240755374693
451 405 -1.03837500396109
451 415 -1.03837500396109
451 447 0.522376949228367
451 451 2.59912695715054
452 335 -1.01213704220648
452 415 -1.01213704220648
452 452 4.11559107814832
453 335 -1.01213704220648
453 415 -1.01213704220648
453 453 2.5563275207023
454 361 -1.03454753541971
454 390 -1.03454753541971
454 454 2.06909507083942
455 42 -1
455 390 -1
455 455 2.50891917758755
456 42 -1
456 390 -1
456 456 3
457 314 -1.06430969014948
457 332 3.16818249342213
457 417 -1.06430969014948
457 457 5.29680187372109
458 302 -1.11133650653346
458 383 1.0614769251794
458 417 -1.11133650653346
458 458 3.28414993824633
459 40 -1.04966029908896
459 419 -1.04966029908896
459 459 5.69719265306881
460 412 0.560213063211068
460 416 -1.10614650077957
460 423 -1.10614650077957
460 460 2.77250606477021
461 354 -1.06712204762673
461 421 -1.06712204762673
461 436 0.53944436370371
461 461 2.67368845895717
462 354 -1.06712204762673
462 420 1.08350578874098
462 421 -1.06712204762673
462 462 3.21774988399444
463 345 -1.03700509712627
463 422 -1.03700509712627
463 463 2.07401019425253
464 412 -1.08482123343563
464 435 -1.08482123343563
464 464 2.16964246687125
465 41 -1.02983506154991
465 390 0.5
465 422 -1.02983506154991
465 452 0.508537697565428
465 465 4.61338041209114
466 390 0.521357060942646
466 397 -1.0837720388476
466 420 -1.0837720388476
466 426 0.537529639522405
466 466 3.22643077816024
467 41 -1.02983506154991
467 422 -1.02983506154991
467 441 1.03268885646001
467 467 3.09235897955983
468 39 1.03879972592931
468 397 -1.0944087437808
468 416 -1.0944087437808
468 468 3.22761721349091
469 412 -1.08482123343563
469 414 0.520960365664319
469 435 -1.08482123343563
469 469 3.2267061132588
470 411 -1.06044610345907
470 443 0.525250225585133
470 445 -1.06044610345907
470 470 3.16007504371601
471 41 -1.02983506154991
471 335 2.53034260551621
471 422 -1.02983506154991
471 446 0.510705904155462
471 471 5.61072715904853
472 411 -1.06044610345907
472 444 1.06243271224744
472 445 -1.06044610345907
472 472 3.18332491916558
473 411 -1.06044610345907
473 445 -1.06044610345907
473 473 3.68201703605454
474 438 -1.05331248290751
474 450 -1.05331248290751
474 465 1.04517259142588
474 474 3.15179755724091
475 438 -1.05331248290751
475 450 -1.05331248290751
475 475 2.10662496581503
476 422 -1.05162887863468
476 445 -1.05162887863468
476 476 2.10325775726935
477 414 0.513746940279348
477 447 -1.04475389845673
477 451 -1.04475389845673
477 477 3.14034949310004
478 411 -1.06044610345907
478 445 -1.06044610345907
478 459 1.02786522242547
478 478 3.1487574293436
479 411 -1.06044610345907
479 445 -1.06044610345907
479 479 2.12089220691814
480 335 -1.03318057623354
480 445 -1.03318057623354
480 480 4.65170857140916
481 411 -1.06044610345907
481 445 -1.06044610345907
481 481 3.16984166136167
482 411 -1.06044610345907
482 445 -1.06044610345907
482 469 0.536103280723224
482 482 2.65699548764136
483 44 -1.02442355011771
483 445 0.510268376359522
483 447 -1.02442355011771
483 456 1
483 483 10.4765355441756
484 44 -1.02442355011771
484 447 -1.02442355011771
484 484 2.04884710023541
485 332 -1.05606083114071
485 457 -1.05606083114071
485 485 2.11212166228142
486 383 -1.0614769251794
486 458 -1.0614769251794
486 486 2.1229538503588
487 383 -1.0614769251794
487 458 -1.0614769251794
487 487 2.1229538503588
488 332 -1.05606083114071
488 457 -1.05606083114071
488 488 2.66653978363252
489 332 -1.05606083114071
489 335 2.14639568295622
489 436 1.10172485982526
489 457 -1.05606083114071
489 489 5.3602422050629
490 436 -1.07888872740742
490 461 -1.07888872740742
490 477 0.53709475590723
490 490 2.69487221072207
491 332 -1.05606083114071
491 336 0.544551015564669
491 457 -1.05606083114071
491 491 2.65667267784609
492 412 -1.12042612642214
492 460 -1.12042612642214
492 492 2.7847953652391
493 420 -1.08350578874098
493 462 -1.08350578874098
493 493 2.16701157748197
494 332 -1.05606083114071
494 457 -1.05606083114071
494 494 2.11212166228142
495 332 -1.05606083114071
495 457 -1.05606083114071
495 495 2.11212166228142
496 420 -1.08350578874098
496 443 0.533562508577813
496 462 -1.08350578874098
496 488 0.554418121351103
496 496 3.25499220741089
497 39 -1.03879972592931
497 465 0.5
497 468 -1.03879972592931
497 480 2.58534741894207
497 497 5.67883859197446
498 446 -1.02141180831092
498 471 -1.02141180831092
498 498 2.57072437142494
499 444 -1.06243271224744
499 472 -1.06243271224744
499 499 2.12486542449489
500 39 -1.03879972592931
500 468 -1.03879972592931
500 470 0.513932611212734
500 481 0.513932611212734
500 500 3.10546467428409
501 41 0.510008526277033
501 441 -1.03268885646001
501 467 -1.03268885646001
501 501 2.57538623919704
502 441 -1.03268885646001
502 467 -1.03268885646001
502 471 0.510008526277033
502 502 2.57538623919704
503 426 -1.07505927904481
503 466 -1.07505927904481
503 503 2.15011855808962
504 441 0.530676784643018
504 443 -1.05050045117027
504 470 -1.05050045117027
504 504 2.63167768698355
505 444 -1.06243271224744
505 472 -1.06243271224744
505 498 0.527900754803089
505 505 5.89342055235351
506 390 -1.04271412188529
506 466 -1.04271412188529
506 506 2.08542824377058
507 335 -1.01213704220648
507 471 -1.01213704220648
507 507 2.02427408441296
508 452 1.58277929616993
508 459 -1.02786522242547
508 478 -1.02786522242547
508 508 3.63850974102086
509 390 -1
509 465 -1
509 473 1.5611248291364
509 509 3.5611248291364
510 447 0.531548748265071
510 459 -1.02786522242547
510 478 -1.02786522242547
510 510 3.12381447439773
511 335 -1.01213704220648
511 471 -1.01213704220648
511 511 2.02427408441296
512 414 -1.04192073132864
512 469 -1.04192073132864
512 512 2.08384146265728
513 414 -1.0274938805587
513 477 -1.0274938805587
513 513 2.05498776111739
514 335 -1.01213704220648
514 471 -1.01213704220648
514 514 2.02427408441296
515 335 -1.01213704220648
515 471 -1.01213704220648
515 515 4.16524468990057
516 459 1.53014805225341
516 465 -1.04517259142588
516 474 -1.04517259142588
516 516 3.62049323510517
517 452 -1.01707539513086
517 465 -1.01707539513086
517 517 2.03415079026171
518 335 -1.01213704220648
518 471 -1.01213704220648
518 518 2.02427408441296
519 465 -1.04517259142588
519 474 -1.04517259142588
519 519 2.09034518285176
520 469 -1.07220656144645
520 482 -1.07220656144645
520 520 2.1444131228929
521 456 -1
521 483 -1
521 521 3.0285702069804
522 445 -1.02053675271904
522 483 -1.02053675271904
522 522 5.79009999316546
523 456 -1
523 483 -1
523 523 4.07583807121034
524 436 -1.10172485982526
524 489 -1.10172485982526
524 524 2.20344971965052
525 336 -1.08910203112934
525 445 0.527582024316574
525 491 -1.08910203112934
525 525 2.70578608657525
526 435 0.534427271093145
526 436 -1.10172485982526
526 453 0.532053436289332
526 459 0.522715133827465
526 489 -1.10172485982526
526 526 3.79264556086046
527 335 -1.07319784147811
527 489 -1.07319784147811
527 527 2.14639568295622
528 390 0.517664482940773
528 488 -1.10883624270221
528 496 -1.10883624270221
528 528 2.73533696834519
529 335 -1.07319784147811
529 489 -1.07319784147811
529 529 2.14639568295622
530 441 -1.06135356928604
530 445 1.06209389967947
530 481 0.535016843230794
530 504 -1.06135356928604
530 530 4.81560748500858
531 44 1.52846005031803
531 470 -1.02786522242547
531 500 -1.02786522242547
531 531 3.58419049516897
532 335 -1.07319784147811
532 489 -1.07319784147811
532 505 1.59719314475288
532 532 3.7435888277091
533 41 -1.02001705255407
533 501 -1.02001705255407
533 533 2.04003410510813
534 441 1.06661944280532
534 443 -1.06712501715563
534 496 -1.06712501715563
534 497 0.515891721173755
534 534 4.2493885319703
535 335 -1.07319784147811
535 489 -1.07319784147811
535 492 0.543943112394831
535 535 3.21665271434352
536 481 -1.02786522242547
536 500 -1.02786522242547
536 536 2.05573044485093
537 42 0.515704739246172
537 452 -1.05518619744662
537 508 -1.05518619744662
537 537 2.62607713413941
538 452 -1.05518619744662
538 508 -1.05518619744662
538 534 0.532627333679974
538 538 3.69377928775043
539 480 -1.03413896757683
539 497 -1.03413896757683
539 539 7.30003730977415
540 465 -1
540 497 -1
540 540 2
541 498 -1.05580150960618
541 505 -1.05580150960618
541 541 2.11160301921236
542 473 -1.04074988609094
542 509 -1.04074988609094
542 542 2.08149977218187
543 455 0.508919177587551
543 480 -1.03413896757683
543 497 -1.03413896757683
543 543 2.57719711274121
544 441 0.525952730791079
544 473 -1.04074988609094
544 509 -1.04074988609094
544 544 2.60745250297295
545 473 -1.04074988609094
545 509 -1.04074988609094
545 539 2.07300250868903
545 545 4.67264793135328
546 480 -1.03413896757683
546 497 -1.03413896757683
546 546 2.06827793515366
547 447 -1.06309749653014
547 510 -1.06309749653014
547 547 2.12619499306028
548 459 -1.02009870150227
548 516 -1.02009870150227
548 548 4.74377259628378
549 459 -1.02009870150227
549 516 -1.02009870150227
549 549 2.04019740300454
550 480 -1.03413896757683
550 497 -1.03413896757683
550 550 2.06827793515366
551 452 -1.05518619744662
551 483 0.515704739246172
551 508 -1.05518619744662
551 551 4.24180085403738
552 471 -1.02001705255407
552 502 -1.02001705255407
552 530 0.563356774722077
552 552 2.60339087983021
553 477 -1.07418951181446
553 490 -1.07418951181446
553 553 2.14837902362892
554 459 -1.02009870150227
554 516 -1.02009870150227
554 554 2.04019740300454
555 480 -1.03413896757683
555 497 -1.03413896757683
555 555 2.06827793515366
556 390 -1.03532896588155
556 445 2.10463729050599
556 528 -1.03532896588155
556 556 4.17529522226909
557 445 -1.05516404863315
557 525 -1.05516404863315
557 557 2.11032809726629
558 435 -1.06885454218629
558 526 -1.06885454218629
558 558 2.13770908437258
559 459 -1.04543026765493
559 526 -1.04543026765493
559 545 0.518145650482382
559 559 6.82648546960274
560 481 -1.07003368646159
560 530 -1.07003368646159
560 560 5.41131135989887
561 497 -1.03178344234751
561 534 -1.03178344234751
561 561 2.06356688469502
562 441 -1.06661944280532
562 534 -1.06661944280532
562 562 2.13323888561065
563 43 0.521545807894641
563 441 -1.06661944280532
563 534 -1.06661944280532
563 563 2.65478469350529
564 453 -1.06410687257866
564 526 -1.06410687257866
564 564 5.31975588374616
565 505 -1.06479542983525
565 532 -1.06479542983525
565 565 2.1295908596705
566 441 -1.05190546158216
566 510 0.536535281281724
566 544 -1.05190546158216
566 564 3.19154213858883
566 566 6.89026615357843
567 42 -1.03140947849234
567 537 -1.03140947849234
567 567 2.06281895698469
568 44 -1.01897336687869
568 531 -1.01897336687869
568 560 0.531761218451896
568 568 2.56970795220927
569 539 -1.03650125434452
569 545 -1.03650125434452
569 569 2.07300250868903
570 44 -1.01897336687869
570 531 -1.01897336687869
570 538 0.515704739246172
570 539 0.508919177587551
570 570 8.80679446272617
571 492 -1.08788622478966
571 535 -1.08788622478966
571 571 2.17577244957932
572 505 -1.06479542983525
572 532 -1.06479542983525
572 538 0.53507481993104
572 559 0.527664687105623
572 560 1.10476073014347
572 572 4.29709109685064
573 44 -1.01897336687869
573 531 -1.01897336687869
573 573 2.03794673375738
574 445 -1.06209389967947
574 530 -1.06209389967947
574 548 0.536265206884007
574 574 2.66045300624295
575 445 -1.06209389967947
575 530 -1.06209389967947
575 575 2.12418779935895
576 459 0.517143646384551
576 522 0.523759520506003
576 534 -1.06525466735995
576 538 -1.06525466735995
576 576 3.70969993475425
577 505 -1.06479542983525
577 532 -1.06479542983525
577 577 2.1295908596705
578 455 -1.0178383551751
578 530 0.53243282880416
578 543 -1.0178383551751
578 566 1.05837781054355
578 578 3.62648734969792
579 530 -1.12671354944415
579 548 0.534260803284507
579 552 -1.12671354944415
579 579 3.33014252252899
580 539 -1.03650125434452
580 545 -1.03650125434452
580 580 3.17876796372618
581 45 0.522438574588671
581 539 -1.03650125434452
581 545 -1.03650125434452
581 581 3.15245426887472
582 483 -1.03140947849234
582 551 -1.03140947849234
582 582 3.62678947667199
583 539 -1.03650125434452
583 545 -1.03650125434452
583 583 2.07300250868903
584 445 -1.052318645253
584 515 0.52366216337089
584 535 0.526313918992466
584 556 -1.052318645253
584 584 3.15461337286935
585 445 -1.052318645253
585 556 -1.052318645253
585 585 2.10463729050599
586 445 -1.052318645253
586 556 -1.052318645253
586 560 1.63472203838032
586 586 3.73935932888631
587 43 -1.04309161578928
587 563 -1.04309161578928
587 587 3.14568437581263
588 445 -1.052318645253
588 556 -1.052318645253
588 588 2.10463729050599
589 47 0.528402601394607
589 459 -1.0342872927691
589 505 1.64346122830266
589 515 1.08254783207351
589 576 -1.0342872927691
589 589 5.32298624730898
590 564 -1.06384737952961
590 566 -1.06384737952961
590 590 2.12769475905922
591 566 -1.05837781054355
591 578 -1.05837781054355
591 591 2.11675562108711
592 551 0.542266446878447
592 559 -1.05532937421125
592 572 -1.05532937421125
592 592 3.74646935880552
593 530 -1.06486565760832
593 539 0.52655002057984
593 559 1.57932496522305
593 578 -1.06486565760832
593 593 4.23560630101953
594 510 -1.07307056256345
594 566 -1.07307056256345
594 592 1.09354416350458
594 594 3.23968528863148
595 538 -1.03140947849234
595 570 -1.03140947849234
595 595 2.06281895698469
596 523 0.521439105227361
596 564 -1.06384737952961
596 566 -1.06384737952961
596 596 3.18548909175379
597 560 -1.06352243690379
597 568 -1.06352243690379
597 597 2.12704487380758
598 548 -1.06852160656901
598 570 2.0715868691221
598 579 -1.06852160656901
598 598 4.20863008226012
599 545 -1.03629130096476
599 559 -1.03629130096476
599 582 1.04065830978777
599 599 3.1132409117173
600 548 -1.07253041376801
600 574 -1.07253041376801
600 600 2.14506082753603
601 560 -1.10476073014347
601 572 -1.10476073014347
601 601 3.85725409494558
602 566 -1.05837781054355
602 578 -1.05837781054355
602 602 2.11675562108711
603 564 -1.06384737952961
603 566 -1.06384737952961
603 603 2.12769475905922
604 564 -1.06384737952961
604 566 -1.06384737952961
604 604 2.12769475905922
605 538 -1.07014963986208
605 572 -1.07014963986208
605 605 2.14029927972416
606 560 -1.10476073014347
606 572 -1.10476073014347
606 606 2.20952146028695
607 564 -1.06384737952961
607 566 -1.06384737952961
607 607 2.12769475905922
608 539 1.58611332504756
608 564 -1.06384737952961
608 566 -1.06384737952961
608 608 3.71380808410678
609 522 -1.04751904101201
609 576 -1.04751904101201
609 609 2.65532688926292
610 539 -1.0178383551751
610 570 -1.0178383551751
610 610 3.592337374249
611 45 -1.04487714917734
611 581 -1.04487714917734
611 611 2.08975429835468
612 445 0.530842516280062
612 535 -1.05262783798493
612 551 1.07345727301953
612 576 0.538287433143803
612 584 -1.05262783798493
612 612 8.01988358978531
613 548 1.63304918311073
613 560 -1.08981469225355
613 586 -1.08981469225355
613 613 3.81267856761782
614 587 0.527922450533304
614 592 -1.09354416350458
614 594 -1.09354416350458
614 614 2.71501077754247
615 505 -1.09564081886844
615 589 -1.09564081886844
615 615 3.78325396071012
616 515 -1.08254783207351
616 589 -1.08254783207351
616 616 2.69440456744837
617 539 -1.05310004115968
617 593 -1.05310004115968
617 617 6.49664165827309
618 559 -1.0528833101487
618 593 -1.0528833101487
618 618 2.63745339654968
619 505 -1.09564081886844
619 582 0.52331220989953
619 589 -1.09564081886844
619 619 2.71459384763641
620 592 -1.09354416350458
620 594 -1.09354416350458
620 620 2.18708832700917
621 539 0.537174342716511
621 551 -1.08453289375689
621 592 -1.08453289375689
621 621 4.36219550959297
622 522 1.63383110731317
622 560 -1.08981469225355
622 586 -1.08981469225355
622 622 3.81346049182026
623 515 -1.04732432674178
623 584 -1.04732432674178
623 612 2.13008414512409
623 615 1.06019744881074
623 617 2.17649258872913
623 623 8.00112423995016
624 559 -1.0528833101487
624 593 -1.0528833101487
624 616 0.529308903301362
624 624 2.63507552359876
625 560 -1.08981469225355
625 586 -1.08981469225355
625 625 2.17962938450709
626 505 -1.09564081886844
626 589 -1.09564081886844
626 618 0.531686776252283
626 626 2.72296841398916
627 582 -1.04065830978777
627 599 -1.04065830978777
627 627 2.08131661957554
628 559 -1.0528833101487
628 579 0.542454620356175
628 593 -1.0528833101487
628 628 2.64822124065357
629 582 -1.04065830978777
629 599 -1.04065830978777
629 629 2.08131661957554
630 515 -1.08254783207351
630 589 -1.08254783207351
630 630 3.24391973390447
631 521 0.510239637764231
631 570 -1.03579343456105
631 598 -1.03579343456105
631 631 2.58182650688633
632 570 -1.03579343456105
632 598 -1.03579343456105
632 632 2.0715868691221
633 47 -1.05680520278921
633 589 -1.05680520278921
633 633 2.11361040557843
634 570 -1.03579343456105
634 598 -1.03579343456105
634 634 2.0715868691221
635 570 -1.03579343456105
635 598 -1.03579343456105
635 635 2.0715868691221
636 539 -1.05740888336504
636 559 1.59442641953823
636 608 -1.05740888336504
636 636 3.7092441862683
637 539 -1.05740888336504
637 608 -1.05740888336504
637 637 2.66569234792687
638 539 -1.05740888336504
638 608 -1.05740888336504
638 630 0.538418864890513
638 638 3.21514671135899
639 523 -1.04287821045472
639 596 -1.04287821045472
639 639 2.62188228142726
640 551 -1.07345727301953
640 612 -1.07345727301953
640 640 2.14691454603905
641 521 0.51833056921617
641 548 -1.08869945540715
641 596 0.536355227467211
641 613 -1.08869945540715
641 641 3.23208470749768
642 576 -1.07657486628761
642 612 -1.07657486628761
642 642 2.15314973257521
643 483 0.516004222998943
643 548 -1.08869945540715
643 613 -1.08869945540715
643 643 2.69340313381324
644 551 -1.07345727301953
644 580 1.10576545503715
644 612 -1.07345727301953
644 617 0.562238316880654
644 644 3.81491831795685
645 46 0.516004222998943
645 548 -1.08869945540715
645 601 1.64773263465863
645 613 -1.08869945540715
645 645 4.34113576847188
646 570 2.63530502805392
646 618 -1.06337355250457
646 626 -1.06337355250457
646 646 5.35194659749984
647 47 5.22193604137747
647 515 0.534760610043212
647 570 0.522193604137747
647 616 -1.05861780660272
647 621 1.65595537936267
647 624 -1.05861780660272
647 647 11.1440008973861
648 445 -1.06168503256012
648 612 -1.06168503256012
648 648 3.8497464207429
649 612 -1.06504207256204
649 623 -1.06504207256204
649 649 2.13008414512409
650 612 -1.06504207256204
650 623 -1.06504207256204
650 650 2.68628708660887
651 579 -1.08490924071235
651 581 0.557013185597022
651 587 0.531578693700759
651 628 -1.08490924071235
651 651 3.25841036072248
652 615 -1.06019744881074
652 623 -1.06019744881074
652 652 2.12039489762148
653 522 -1.08922073820878
653 622 -1.08922073820878
653 638 0.561910079738397
653 653 2.74035155615595
654 612 -1.06504207256204
654 623 -1.06504207256204
654 654 2.13008414512409
655 617 -1.08824629436456
655 623 -1.08824629436456
655 655 4.90781033038265
656 522 -1.08922073820878
656 622 -1.08922073820878
656 656 2.17844147641756
657 522 -1.08922073820878
657 622 -1.08922073820878
657 657 2.17844147641756
658 587 -1.05584490106661
658 614 -1.05584490106661
658 615 0.531774874162504
658 658 2.64346467629572
659 582 -1.04662441979906
659 612 1.08505766592664
659 617 1.10915211373972
659 619 -1.04662441979906
659 659 4.28745861926449
660 539 -1.07434868543302
660 621 -1.07434868543302
660 630 0.540405204866942
660 660 5.94816290986991
661 617 -1.08824629436456
661 623 -1.08824629436456
661 648 1.72637635562265
661 661 4.98940950941357
662 615 -1.06019744881074
662 623 -1.06019744881074
662 662 2.12039489762148
663 521 -1.02047927552846
663 631 -1.02047927552846
663 663 3.06982177496181
664 630 -1.07683772978103
664 638 -1.07683772978103
664 664 2.70008963559628
665 612 -1.06504207256204
665 623 -1.06504207256204
665 646 0.589894464436786
665 665 3.86997814392487
666 559 -1.06295094635882
666 636 -1.06295094635882
666 666 2.12590189271764
667 617 -1.08824629436456
667 623 -1.08824629436456
667 667 2.7008402328656
668 559 -1.06295094635882
668 636 -1.06295094635882
668 668 3.69114265736346
669 617 -1.08824629436456
669 623 -1.08824629436456
669 669 2.70810423314799
670 559 -1.06295094635882
670 636 -1.06295094635882
670 647 1.09191964925952
670 670 3.21782154197716
671 47 1.07702545372563
671 601 -1.09848842310576
671 645 -1.09848842310576
671 655 0.566861931847135
671 671 3.84086423178428
672 483 -1.03200844599789
672 559 0.516063211943594
672 643 -1.03200844599789
672 672 2.58008010393937
673 483 1.07702545372563
673 601 -1.09848842310576
673 645 -1.09848842310576
673 673 3.27400229993715
674 580 -1.10576545503715
674 644 -1.10576545503715
674 674 2.2115309100743
675 521 -1.03666113843234
675 641 -1.03666113843234
675 675 2.07332227686468
676 621 -1.10397025290845
676 647 -1.10397025290845
676 676 2.20794050581689
677 617 -1.12447663376131
677 644 -1.12447663376131
677 677 2.24895326752262
678 580 -1.10576545503715
678 637 0.550874581196796
678 644 -1.10576545503715
678 678 4.41512982950064
679 49 1.06859681146887
679 483 4.80868565160993
679 621 -1.10397025290845
679 647 -1.10397025290845
679 679 8.0852229688957
680 46 -1.03200844599789
680 645 -1.03200844599789
680 650 0.55620294148478
680 680 2.62021983348055
681 596 -1.07271045493442
681 641 -1.07271045493442
681 681 2.14542090986884
682 612 0.556898880321323
682 621 -1.10397025290845
682 647 -1.10397025290845
682 682 2.76483938613821
683 523 0.512710837821991
683 570 -1.05412201122157
683 646 -1.05412201122157
683 683 2.62095486026513
684 612 -1.08505766592664
684 655 0.546708351434416
684 659 -1.08505766592664
684 684 3.25719927161728
685 617 -1.10915211373972
685 659 -1.10915211373972
685 685 3.82783625127487
686 601 -1.09848842310576
686 645 -1.09848842310576
686 686 3.90592815539453
687 612 -1.08505766592664
687 659 -1.08505766592664
687 660 0.546034746133365
687 687 2.71615007798665
688 587 -1.06315738740152
688 651 -1.06315738740152
688 660 2.71302558800356
688 661 1.08654056506179
688 688 5.92588092786838
689 581 -1.11402637119404
689 651 -1.11402637119404
689 689 2.22805274238809
690 515 -1.06952122008642
690 647 -1.06952122008642
690 690 2.13904244017285
691 47 -1.04438720827549
691 647 -1.04438720827549
691 691 2.08877441655099
692 623 0.539701403802649
692 630 -1.08081040973388
692 660 -1.08081040973388
692 692 5.48149476588122
693 47 -1.04438720827549
693 647 -1.04438720827549
693 668 1.56524076464583
693 693 4.17251033358567
694 522 0.524240247809669
694 617 -1.10915211373972
694 659 -1.10915211373972
694 685 1.60953202379543
694 694 4.35207649908454
695 522 1.06719561209853
695 615 -1.06354974832501
695 658 -1.06354974832501
695 686 1.70895130918302
695 695 4.90324641793156
696 648 -1.1509175704151
696 661 -1.1509175704151
696 696 2.3018351408302
697 638 -1.12382015947679
697 639 0.536125860517817
697 653 -1.12382015947679
697 664 0.546414176034225
697 678 1.10676738400819
697 697 4.43694773951383
698 648 -1.1509175704151
698 661 -1.1509175704151
698 698 2.3018351408302
699 47 -1.04438720827549
699 647 -1.04438720827549
699 699 2.08877441655099
700 646 -1.17978892887357
700 665 -1.17978892887357
700 700 2.35957785774715
701 47 -1.04438720827549
701 647 -1.04438720827549
701 701 2.08877441655099
702 570 -1.05412201122157
702 646 -1.05412201122157
702 702 2.61867857423786
703 570 -1.04438720827549
703 647 -1.04438720827549
703 703 2.08877441655099
704 609 0.560288807238914
704 648 -1.1509175704151
704 661 -1.1509175704151
704 704 2.86212394806911
705 570 -1.05412201122157
705 646 -1.05412201122157
705 705 2.10824402244314
706 570 -1.05412201122157
706 646 -1.05412201122157
706 706 2.10824402244314
707 570 -1.05412201122157
707 617 0.542558556604233
707 646 -1.05412201122157
707 707 2.65080257904737
708 47 -1.04438720827549
708 647 -1.04438720827549
708 667 0.524347644136474
708 708 3.14349596216955
709 47 -1.04438720827549
709 647 -1.04438720827549
709 663 1.02886322390489
709 709 3.11763764045588
710 47 -1.04438720827549
710 647 -1.04438720827549
710 710 2.08877441655099
711 647 -1.09191964925952
711 670 -1.09191964925952
711 711 2.18383929851905
712 47 -1.04438720827549
712 647 -1.04438720827549
712 712 2.08877441655099
713 647 -1.09191964925952
713 670 -1.09191964925952
713 713 2.73005136095837
714 47 -1.04438720827549
714 647 -1.04438720827549
714 714 2.60230166766525
715 47 -1.04438720827549
715 647 -1.04438720827549
715 715 2.08877441655099
716 483 -1.07702545372563
716 673 -1.07702545372563
716 716 2.15405090745127
717 483 -1.07702545372563
717 673 -1.07702545372563
717 717 2.15405090745127
718 523 1.04168812816098
718 559 -1.03212642388719
718 672 -1.03212642388719
718 693 0.51849515238886
718 718 4.71948533125105
719 637 -1.10174916239359
719 678 -1.10174916239359
719 719 2.20349832478718
720 650 -1.11240588296956
720 655 1.07672669650398
720 680 -1.11240588296956
720 720 3.3015384624431
721 612 -1.11379776064265
721 682 -1.11379776064265
721 718 1.09504920292683
721 721 3.32264472421212
722 483 -1.06859681146887
722 679 -1.06859681146887
722 722 3.65699608519763
723 483 -1.06859681146887
723 679 -1.06859681146887
723 713 0.546212062439319
723 723 3.19000650613036
724 660 -1.08521023520142
724 688 -1.08521023520142
724 724 2.17042047040285
725 483 -1.06859681146887
725 669 0.53161164441886
725 679 -1.06859681146887
725 725 2.66880526735661
726 570 0.515138310821306
726 660 -1.08521023520142
726 688 -1.08521023520142
726 726 2.68555878122415
727 639 -1.07225172103563
727 697 -1.07225172103563
727 727 2.14450344207127
728 660 -1.08521023520142
728 665 1.14999953436399
728 688 -1.08521023520142
728 728 4.93831459948428
729 655 0.54102076186799
729 660 -1.08521023520142
729 688 -1.08521023520142
729 729 2.71144123227084
730 661 -1.08654056506179
730 688 -1.08654056506179
730 730 2.17308113012358
731 660 -1.08521023520142
731 688 -1.08521023520142
731 731 2.72247316847766
732 661 -1.08654056506179
732 688 -1.08654056506179
732 732 2.17308113012358
733 523 -1.02542167564398
733 683 -1.02542167564398
733 733 2.05084335128796
734 678 -1.10676738400819
734 697 -1.10676738400819
734 734 2.21353476801639
735 47 -1.07702545372563
735 671 -1.07702545372563
735 702 0.510434551794722
735 735 3.72523326221017
736 685 -1.07302134919695
736 694 -1.07302134919695
736 736 2.14604269839391
737 522 -1.04848049561934
737 694 -1.04848049561934
737 737 2.09696099123868
738 686 -1.13930087278868
738 695 -1.13930087278868
738 708 0.530373901482089
738 738 2.80897564705945
739 483 -1.06859681146887
739 679 -1.06859681146887
739 739 2.13719362293775
740 483 -1.06859681146887
740 610 0.523585399333738
740 679 -1.06859681146887
740 740 2.66077902227149
741 47 -1.07702545372563
741 610 0.516537632282531
741 671 -1.07702545372563
741 722 1.51980246225988
741 723 0.506600820753294
741 741 4.69699182274698
742 483 -1.06859681146887
742 679 -1.06859681146887
742 728 0.522147685133777
742 742 2.65934130807153
743 664 -1.09282835206845
743 697 -1.09282835206845
743 743 2.1856567041369
744 678 -1.10676738400819
744 697 -1.10676738400819
744 731 0.552052698074817
744 744 2.7655874660912
745 522 -1.06719561209853
745 695 -1.06719561209853
745 745 2.13439122419706
746 623 -1.0794028076053
746 692 -1.0794028076053
746 746 2.1588056152106
747 49 0.526485269123121
747 655 -1.13372386369427
747 671 -1.13372386369427
747 692 2.78017254261081
747 747 6.10792921760049
748 522 -1.06719561209853
748 678 0.545956954221349
748 695 -1.06719561209853
748 748 2.6803481784184
749 685 -1.07302134919695
749 694 -1.07302134919695
749 749 2.14604269839391
750 686 -1.13930087278868
750 695 -1.13930087278868
750 750 2.27860174557736
751 660 -1.09206949226673
751 687 -1.09206949226673
751 751 2.18413898453346
752 663 -1.02886322390489
752 709 -1.02886322390489
752 747 0.533823678478025
752 752 2.59155012628781
753 483 -1.06859681146887
753 679 -1.06859681146887
753 753 2.13719362293775
754 685 -1.07302134919695
754 694 -1.07302134919695
754 754 2.14604269839391
755 686 -1.13930087278868
755 695 -1.13930087278868
755 735 1.06074780296418
755 755 3.33934954854154
756 663 -1.02886322390489
756 709 -1.02886322390489
756 756 2.05772644780978
757 617 -1.08511711320847
757 707 -1.08511711320847
757 757 2.17023422641693
758 483 -1.06859681146887
758 679 -1.06859681146887
758 758 2.67542021971469
759 609 -1.12057761447783
759 704 -1.12057761447783
759 759 2.24115522895566
760 483 -1.06859681146887
760 679 -1.06859681146887
760 760 2.13719362293775
761 667 -1.04869528827295
761 708 -1.04869528827295
761 761 2.0973905765459
762 49 -1.06859681146887
762 679 -1.06859681146887
762 762 2.13719362293775
763 668 -1.04349384309722
763 693 -1.04349384309722
763 763 2.08698768619444
764 655 -1.09341670286883
764 684 -1.09341670286883
764 764 2.18683340573766
765 49 -1.06859681146887
765 610 0.516537632282531
765 679 -1.06859681146887
765 765 3.17085096290816
766 668 -1.04349384309722
766 693 -1.04349384309722
766 766 2.08698768619444
767 668 -1.04349384309722
767 693 -1.04349384309722
767 767 2.08698768619444
768 718 -1.09504920292683
768 721 -1.09504920292683
768 768 2.19009840585366
769 655 -1.07672669650398
769 720 -1.07672669650398
769 769 2.15345339300797
770 718 -1.09504920292683
770 721 -1.09504920292683
770 770 2.19009840585366
771 655 -1.07672669650398
771 720 -1.07672669650398
771 771 2.15345339300797
772 523 -1.04168812816098
772 718 -1.04168812816098
772 772 2.08337625632197
773 523 -1.04168812816098
773 718 -1.04168812816098
773 773 2.08337625632197
774 693 -1.03699030477772
774 718 -1.03699030477772
774 774 2.07398060955544
775 708 -1.06074780296418
775 714 0.513527251114262
775 738 -1.06074780296418
775 775 2.63502285704262
776 665 -1.14999953436399
776 728 -1.14999953436399
776 776 2.29999906872799
777 728 -1.04429537026755
777 742 -1.04429537026755
777 777 2.08859074053511
778 731 -1.10410539614963
778 744 -1.10410539614963
778 778 2.20821079229927
779 570 -1.03027662164261
779 726 -1.03027662164261
779 779 2.06055324328522
780 692 -1.11206901704432
780 728 1.09574690958366
780 747 -1.11206901704432
780 780 3.3198849436723
781 610 -1.04717079866748
781 684 0.540375588329579
781 740 -1.04717079866748
781 781 2.63471718566453
782 692 -1.11206901704432
782 747 -1.11206901704432
782 782 2.22413803408864
783 678 -1.0919139084427
783 748 -1.0919139084427
783 783 2.1838278168854
784 665 -1.14999953436399
784 728 -1.14999953436399
784 784 2.29999906872799
785 669 -1.06322328883772
785 725 -1.06322328883772
785 765 0.517119707687878
785 785 2.64356628536332
786 722 -1.01320164150659
786 741 -1.01320164150659
786 786 2.02640328301318
787 692 -1.11206901704432
787 747 -1.11206901704432
787 787 2.22413803408864
788 735 -1.06074780296418
788 755 -1.06074780296418
788 788 2.12149560592836
789 49 -1.05297053824624
789 747 -1.05297053824624
789 789 2.10594107649248
790 655 -1.08204152373598
790 729 -1.08204152373598
790 790 2.16408304747196
791 692 -1.11206901704432
791 747 -1.11206901704432
791 758 0.538226596776938
791 791 2.76236463086558
792 722 -1.01320164150659
792 741 -1.01320164150659
792 792 2.02640328301318
793 723 -1.01320164150659
793 741 -1.01320164150659
793 793 2.02640328301318
794 735 -1.06074780296418
794 755 -1.06074780296418
794 794 2.12149560592836
795 692 -1.11206901704432
795 747 -1.11206901704432
795 795 2.22413803408864
796 702 -1.02086910358944
796 735 -1.02086910358944
796 796 2.04173820717889
797 722 -1.01320164150659
797 741 -1.01320164150659
797 797 2.02640328301318
798 48 0.535882907884163
798 713 -1.09242412487864
798 723 -1.09242412487864
798 798 2.72073115764144
799 610 -1.03307526456506
799 765 -1.03307526456506
799 799 2.06615052913012
800 747 -1.06764735695605
800 752 -1.06764735695605
800 800 2.1352947139121
801 610 -1.03307526456506
801 741 -1.03307526456506
801 801 2.06615052913012
802 684 -1.08075117665916
802 781 -1.08075117665916
802 802 2.16150235331832
803 728 -1.09574690958366
803 780 -1.09574690958366
803 803 2.19149381916732
804 714 -1.02705450222852
804 775 -1.02705450222852
804 804 2.05410900445705
805 728 -1.09574690958366
805 780 -1.09574690958366
805 805 2.19149381916732
806 758 -1.07645319355388
806 791 -1.07645319355388
806 806 2.15290638710775
807 765 -1.03423941537576
807 785 -1.03423941537576
807 807 2.06847883075151
808 48 -1.07176581576833
808 798 -1.07176581576833
808 808 2.14353163153665
